                              mean         std        2.5q         25q         50q        75q      97.5q       mc err
a                          1.82967   0.0379721     1.75411     1.80338     1.82989    1.85538    1.90373   0.00111211
a_std                     0.342832   0.0292051    0.289595    0.323181    0.341563    0.36068   0.403812  0.000986375
a_subj.5000                1.53105   0.0564246     1.42371     1.49324     1.52828    1.56911    1.64932     0.001602
a_subj.5001                1.65543   0.0505763     1.55854     1.62182     1.65489     1.6886     1.7598   0.00110956
a_subj.5002                2.18148    0.144583     1.93205      2.0784      2.1693    2.27388    2.49364   0.00699563
a_subj.5003                2.02241     0.12583     1.80511     1.93387     2.01084    2.10314     2.2979   0.00548504
a_subj.5004                 2.0121     0.13553     1.77258       1.919     2.00667    2.09624    2.29738   0.00637819
a_subj.5005                2.15064     0.10672     1.95367     2.07658     2.14611    2.22548    2.36462    0.0032943
a_subj.5006                1.87868     0.11951      1.6696     1.79395     1.87339    1.95426    2.13832   0.00480578
a_subj.5007                 1.5763   0.0841545     1.42207     1.51921     1.57175    1.62923      1.759   0.00310748
a_subj.5008                2.12721    0.134799     1.88608     2.03032     2.11948    2.21884    2.42156   0.00517262
a_subj.5009                1.80416    0.110722     1.59753     1.72763     1.80038    1.87636    2.03147   0.00485882
a_subj.5010                1.73011   0.0869597     1.56651     1.67191      1.7283    1.78462    1.91138   0.00343792
a_subj.5011                1.75925   0.0996433      1.5774      1.6938     1.75478    1.82294     1.9723   0.00420312
a_subj.5012                1.64966   0.0888375     1.49454     1.58768      1.6442    1.70544    1.84186   0.00357403
a_subj.5013                2.01022    0.082179     1.85319     1.95311     2.00547    2.06535    2.18174   0.00259077
a_subj.5014                1.81995   0.0698042     1.68921     1.77059     1.81735    1.86605     1.9613   0.00195647
a_subj.5015                2.08295    0.121746     1.85675      2.0022      2.0773    2.15681    2.34581   0.00546869
a_subj.5016                1.62224   0.0683955     1.48291     1.57751     1.62389    1.66755    1.75315   0.00221203
a_subj.5017                2.04917    0.119304     1.83417     1.96552     2.04027    2.12465    2.31471   0.00401552
a_subj.5018                1.87451   0.0977785     1.69641     1.80835     1.87209    1.93567    2.08581   0.00342195
a_subj.5019                2.81556    0.223642     2.45392     2.65104     2.79288    2.95008    3.32006    0.0122514
a_subj.5020                2.06767     0.15975     1.78497     1.95176     2.05622    2.17238    2.40621   0.00893224
a_subj.5021                1.88293    0.117396     1.66602     1.80259     1.87854    1.96081    2.12113   0.00530263
a_subj.5022                1.98847     0.13254     1.74146     1.89321     1.98707     2.0808    2.25995   0.00625202
a_subj.5023                1.16037   0.0377066     1.08674     1.13485     1.16059    1.18604    1.23396  0.000980089
a_subj.5024                1.41651   0.0540746     1.31673     1.38018     1.41401    1.45144     1.5286   0.00168735
a_subj.5025                2.13555    0.110722     1.93473      2.0563     2.13228    2.20658     2.3701   0.00354359
a_subj.5026                 1.8288    0.120674      1.6204     1.74434     1.81938    1.90162    2.09162   0.00615114
a_subj.5027               0.883763   0.0378014    0.812748    0.857776    0.883087   0.909006    0.96011   0.00122531
a_subj.5028                1.74321   0.0843156     1.59009     1.68485      1.7392    1.79754     1.9255   0.00269666
a_subj.5029                2.22029    0.136719     1.97108     2.12578     2.21711    2.31029    2.51069   0.00512468
a_subj.5030                2.28305    0.136303     2.03003     2.18871     2.27618    2.36973    2.57041   0.00456372
a_subj.5031                2.48068    0.190571     2.15726     2.34743       2.467    2.59518    2.90231   0.00955012
a_subj.5032                1.08637   0.0515775    0.992694     1.04984     1.08368     1.1205    1.19302   0.00159568
a_subj.5033                1.90828    0.108593     1.70668     1.82934     1.90593    1.97941    2.12505   0.00440968
a_subj.5034                1.47451   0.0576902      1.3656     1.43446     1.47341    1.51185    1.59409   0.00167582
a_subj.5035                1.96339   0.0911882     1.79468     1.89861     1.95951    2.02296    2.15304   0.00312525
a_subj.5036                2.32041     0.15133      2.0618     2.21264     2.31122    2.41472    2.65903   0.00571408
a_subj.5037                2.07684    0.113769     1.86399     1.99659     2.07269    2.15095     2.3216   0.00417721
a_subj.5038                1.88875   0.0845832     1.73623     1.82956     1.88667    1.94274    2.06976   0.00250904
a_subj.5039                1.76181   0.0802439     1.60903     1.70789      1.7622    1.81338    1.93009    0.0026597
a_subj.5040                1.93456   0.0979327     1.75086     1.86718     1.93114    1.99776    2.12934   0.00326215
a_subj.5041                1.69563   0.0694852      1.5627     1.64836      1.6925    1.74161    1.83787   0.00200922
a_subj.5042                1.27742   0.0471638     1.18942     1.24432     1.27597     1.3081    1.37676   0.00138785
a_subj.5043                1.83675    0.074201      1.6975     1.78654     1.83553    1.88463    1.99116   0.00187232
a_subj.5044                 1.5501    0.058571      1.4392     1.50997     1.54871    1.58886    1.66569   0.00164271
a_subj.5045                1.51789   0.0616154     1.40652     1.47526     1.51535    1.55892    1.64665    0.0021463
a_subj.5046                 1.8279   0.0749961     1.68759      1.7749     1.82533    1.87831    1.98012   0.00217318
a_subj.5047                1.39346    0.069599     1.25984     1.34435     1.39202    1.44068    1.53338   0.00225455
a_subj.5048                1.71632   0.0866679     1.55963     1.65549     1.71341    1.77119    1.90141   0.00329526
a_subj.5049                2.04437    0.116792     1.82352     1.96412     2.04038    2.12007    2.29243   0.00460601
a_subj.5050                1.81648    0.124533     1.60253     1.71285     1.81172    1.91818     2.0391   0.00982893
a_subj.5051                 2.1092    0.110487     1.91148     2.03355     2.10384    2.18202    2.34163   0.00380707
a_subj.5052                1.73295   0.0687126     1.59794     1.68801     1.73304    1.77491      1.873   0.00170384
a_subj.5053                1.86977   0.0859779     1.70969     1.80785     1.86752     1.9264    2.04589   0.00244625
a_subj.5054                1.85712    0.116269     1.63572     1.78084     1.85181    1.92847    2.10142   0.00515506
a_subj.5055                1.89781    0.109589     1.70451     1.82359     1.88786    1.96254    2.14148   0.00442236
a_subj.5056                2.11219    0.110653     1.90098     2.04078     2.10579    2.18167    2.34348   0.00383895
a_subj.5057                1.81485    0.103556     1.63052     1.74339       1.809    1.88219    2.02571   0.00442004
a_subj.5058                1.72797   0.0756688     1.58316     1.67608     1.72553    1.77548    1.88674   0.00232142
a_subj.5059                1.80302   0.0895285     1.63476     1.74176      1.7996    1.86011    1.99282   0.00307215
a_subj.5060                 1.7019   0.0946275     1.53155     1.63575     1.69625     1.7629    1.90856    0.0039412
a_subj.5061                 2.1464   0.0965761     1.96442     2.08004     2.14495    2.20979    2.34356   0.00283029
a_subj.5062                1.50567   0.0701536     1.37031     1.45944     1.50417    1.55065    1.64848   0.00234157
a_subj.5063                1.77923   0.0797208     1.63191     1.72667     1.77569    1.82975    1.94651   0.00238707
a_subj.5064                2.03886    0.115194     1.83156     1.95809     2.03081    2.11236    2.28395   0.00447547
a_subj.5065                1.86099    0.107379     1.66885     1.78324     1.85519    1.92948    2.08696   0.00460314
a_subj.5066                1.88543   0.0932093     1.70494     1.82092     1.88184    1.94979    2.07172   0.00295069
a_subj.5067                2.31335    0.154452     2.04255     2.20574     2.30266    2.40976    2.65032   0.00710807
a_subj.5068                1.46406   0.0748642     1.32115     1.41447     1.46141    1.51332    1.61198   0.00255308
a_subj.5069                1.96432   0.0971153     1.78032      1.8968     1.96086    2.02703    2.16807   0.00277103
a_subj.5070                1.68761   0.0607338     1.57045     1.64523     1.68584    1.72879    1.81217   0.00146377
a_subj.5071                1.71643   0.0746588      1.5709     1.66688     1.71373    1.76557    1.86666   0.00236827
a_subj.5072                1.09392   0.0453847     0.99844      1.0655     1.09473    1.12311    1.17848   0.00170583
a_subj.5073                1.77255    0.092545      1.6003     1.71075     1.76895    1.83303    1.96639   0.00318515
a_subj.5074                1.65249   0.0758034     1.50862     1.60041     1.64694    1.70071     1.8145   0.00240885
a_subj.5075                2.27564    0.156603     1.99944     2.16754     2.26776    2.37116    2.61774   0.00693685
a_subj.5076                1.93932    0.112045     1.73273     1.86074     1.93543    2.01148    2.17348   0.00485129
a_subj.5077                1.80725   0.0884922     1.63378     1.74826     1.80566    1.86442    1.97971   0.00277788
a_subj.5078                1.92103    0.107145       1.721     1.84876     1.91583    1.98986     2.1411   0.00432948
a_subj.5079                2.03726    0.124418       1.816     1.94973     2.02772    2.11511    2.29966   0.00540126
a_subj.5080                2.10697     0.13548     1.86149     2.01477     2.09813    2.18975    2.39908    0.0063413
a_subj.5081                1.83219     0.10027     1.64313     1.76335     1.82915    1.89703    2.03967   0.00392476
a_subj.5082                1.61346   0.0646318     1.49648     1.56916     1.61174    1.65331    1.75198   0.00220305
a_subj.5083                1.86027   0.0881056     1.69177     1.79808     1.85949    1.91963    2.03909    0.0030543
a_subj.5084                2.17585    0.188968     1.85904     2.03754     2.15641    2.28731    2.58372    0.0110097
a_subj.5085                 1.6127   0.0696133     1.48135     1.56627     1.61071    1.65733    1.75417   0.00197975
a_subj.5086                1.19547   0.0479023      1.1072     1.16158     1.19402    1.22917    1.29134   0.00147192
a_subj.5087                1.55964   0.0843718     1.40333     1.50072      1.5573    1.61524    1.73128   0.00325852
a_subj.5088                1.95318    0.123185     1.73423     1.86765     1.94535    2.02801    2.21817   0.00471098
a_subj.5089                1.70419   0.0752529     1.56573     1.65125     1.70068     1.7548    1.86044   0.00228205
v(ConStay)                 1.73777   0.0722846     1.60086     1.69049     1.73681    1.78534    1.87682     0.001706
v(ConSwitch)               1.23238   0.0678569     1.10371     1.18664     1.23151    1.27883    1.36521    0.0014048
v(IncStay)                 1.31512   0.0699504     1.17785     1.26765     1.31552    1.36147    1.45287   0.00158992
v(IncSwitch)              0.873578    0.067398    0.742779     0.82744     0.87219   0.918462    1.00648   0.00151611
v_std                     0.615961   0.0274734    0.562769    0.597545     0.61516   0.633917   0.669484  0.000774037
v_subj(ConStay).5000     0.0889838    0.196097    -0.30316  -0.0464644   0.0882813   0.219206   0.470636   0.00423403
v_subj(ConSwitch).5000  -0.0492986     0.19329    -0.43587    -0.17562  -0.0492895  0.0776244   0.329684   0.00425469
v_subj(IncStay).5000     -0.294437     0.18307   -0.656292   -0.417429   -0.296352  -0.169234  0.0706341   0.00337672
v_subj(IncSwitch).5000  -0.0224773    0.186008   -0.391199   -0.145049  -0.0259358   0.104073   0.333913   0.00414184
v_subj(ConStay).5001      0.749856    0.191404     0.35907    0.625495    0.754188   0.877309    1.11888   0.00423411
v_subj(ConSwitch).5001     0.67537    0.163294    0.341581    0.569323    0.674769   0.787455   0.997916   0.00344562
v_subj(IncStay).5001      0.804237    0.193949      0.4027    0.681613    0.804319   0.937601     1.1775   0.00358982
v_subj(IncSwitch).5001    0.559109    0.177581    0.203202     0.44441    0.560852   0.676538   0.905365   0.00397144
v_subj(ConStay).5002        2.4129    0.244907     1.93071     2.25228     2.40773    2.57654    2.90135   0.00577922
v_subj(ConSwitch).5002     1.42904    0.181586     1.07688     1.30545      1.4333    1.54866    1.78227   0.00500277
v_subj(IncStay).5002       2.10719    0.242651     1.62299     1.93854      2.0975    2.27341    2.58741   0.00692477
v_subj(IncSwitch).5002     1.14496    0.190719    0.771554     1.01509     1.14656    1.27112    1.52262   0.00458177
v_subj(ConStay).5003       1.55898    0.231574     1.10949     1.40112     1.55437    1.71679    2.01113   0.00560405
v_subj(ConSwitch).5003     1.46562    0.194883     1.08072      1.3287      1.4626    1.59951    1.84474   0.00456521
v_subj(IncStay).5003       1.81758    0.236517     1.37506     1.65952     1.81776    1.97502    2.29277    0.0055861
v_subj(IncSwitch).5003     1.61466    0.220546     1.18272     1.46917     1.61006    1.76001     2.0717   0.00588272
v_subj(ConStay).5004       2.32708    0.271275     1.80406     2.14011     2.32166    2.50013    2.87129    0.0077205
v_subj(ConSwitch).5004     1.63886    0.195084      1.2577     1.50835     1.63649    1.76903    2.02351   0.00502595
v_subj(IncStay).5004        2.7993    0.278593     2.24547     2.61465     2.79795    2.98542    3.36543   0.00788967
v_subj(IncSwitch).5004     1.57312    0.210802     1.16944      1.4272     1.57801    1.71346    1.98226   0.00517289
v_subj(ConStay).5005       1.69287    0.213998     1.26891     1.54487      1.6909    1.83495    2.11555   0.00468131
v_subj(ConSwitch).5005    0.428615    0.190175   0.0604317    0.296747    0.426408   0.559019   0.804339   0.00394867
v_subj(IncStay).5005       1.14582    0.196175    0.769696     1.01265     1.13873    1.27308    1.53892   0.00429523
v_subj(IncSwitch).5005    0.541668    0.164245    0.217119    0.429193     0.54336   0.650875   0.866976   0.00310545
v_subj(ConStay).5006       2.36163    0.281801     1.82365     2.16679     2.36243    2.54698    2.92795   0.00657604
v_subj(ConSwitch).5006     1.73045    0.207873     1.32101     1.58991     1.72851    1.87197    2.13038   0.00495145
v_subj(IncStay).5006       2.49591     0.27889     1.95783     2.30721     2.48989    2.67768     3.0595   0.00650475
v_subj(IncSwitch).5006     1.29861    0.193569    0.914456     1.16656     1.30142    1.43008    1.68215   0.00427959
v_subj(ConStay).5007       2.63011    0.287862     2.05311     2.43962     2.63299    2.83084     3.1854   0.00689537
v_subj(ConSwitch).5007     1.40286    0.210918    0.987395     1.25786     1.40182    1.54179    1.82392    0.0046367
v_subj(IncStay).5007       2.14897    0.255642      1.6572     1.97613      2.1499    2.31392    2.67608   0.00569114
v_subj(IncSwitch).5007     1.16726    0.241281    0.691836     1.00566     1.16549    1.32743    1.64895   0.00484688
v_subj(ConStay).5008         1.854    0.217664     1.43374     1.70267     1.84861    2.00087    2.28834   0.00580785
v_subj(ConSwitch).5008     1.57778    0.192786     1.20315     1.45065     1.57638    1.70603    1.95887   0.00459909
v_subj(IncStay).5008       1.95114    0.237494     1.47778     1.79425     1.94511    2.11291    2.40613   0.00492665
v_subj(IncSwitch).5008     1.10764    0.185035    0.733043    0.983858     1.10813    1.23203    1.46714   0.00382135
v_subj(ConStay).5009       2.35156    0.291112     1.78893     2.15036     2.35005     2.5489    2.92665    0.0073217
v_subj(ConSwitch).5009     1.64391    0.219954     1.22104     1.48668     1.64489    1.79454    2.07651   0.00525667
v_subj(IncStay).5009       1.66288    0.225979     1.22168     1.51526     1.66107    1.81022    2.10108    0.0051827
v_subj(IncSwitch).5009     1.62567    0.219143     1.18333     1.48507     1.62287    1.76339    2.06387   0.00496368
v_subj(ConStay).5010       1.96678    0.258452     1.49153     1.79096     1.96118    2.13586    2.51036   0.00676697
v_subj(ConSwitch).5010     1.05367    0.196241    0.676959    0.920014     1.04758    1.18133     1.4588   0.00493034
v_subj(IncStay).5010       1.70216    0.228138     1.25299     1.54402     1.70635    1.86082    2.13716   0.00509995
v_subj(IncSwitch).5010    0.846305    0.177315    0.498086    0.721827     0.84865   0.966604    1.19796   0.00351507
v_subj(ConStay).5011       2.10881    0.249511      1.6235     1.93892     2.10773    2.26781    2.60226   0.00576277
v_subj(ConSwitch).5011     1.54983    0.196971     1.15565     1.41753     1.54658     1.6847    1.94414   0.00516082
v_subj(IncStay).5011       1.56795    0.227762      1.1271     1.41088     1.56714    1.71923    2.01041   0.00535114
v_subj(IncSwitch).5011      1.3573    0.230228    0.898474     1.19796     1.35984    1.50643    1.79578   0.00484817
v_subj(ConStay).5012       2.47907    0.276514       1.915     2.30121     2.47713    2.66802    3.02952    0.0060038
v_subj(ConSwitch).5012     1.38193    0.213927    0.969367     1.23861     1.38185    1.52259    1.79466   0.00491594
v_subj(IncStay).5012       1.53059    0.234146     1.08033     1.37417     1.52558     1.6906    1.99778   0.00526134
v_subj(IncSwitch).5012     1.05903    0.193325    0.687712    0.922935     1.06144     1.1952    1.42906   0.00422244
v_subj(ConStay).5013      0.672277    0.168991    0.350564    0.555925    0.669041   0.789114   0.999851   0.00360154
v_subj(ConSwitch).5013     0.78001    0.155044    0.481331    0.674762    0.776877    0.88205     1.1039   0.00297467
v_subj(IncStay).5013      0.569008    0.168474    0.239925    0.451636    0.565522   0.685173    0.90094   0.00362352
v_subj(IncSwitch).5013    0.541359    0.165192    0.220884    0.433398    0.539272   0.651415   0.865753   0.00339803
v_subj(ConStay).5014       1.09409     0.20909    0.709018    0.948882     1.08765     1.2386    1.51904   0.00414668
v_subj(ConSwitch).5014    0.807195    0.173323     0.47923    0.685958    0.805718   0.930509    1.14995   0.00344301
v_subj(IncStay).5014     -0.244839    0.176798   -0.596405   -0.359657   -0.245052  -0.126089  0.0967224   0.00411945
v_subj(IncSwitch).5014    0.153493    0.175264   -0.190777    0.034371    0.153457   0.271387   0.506127   0.00357977
v_subj(ConStay).5015       2.30487    0.249717     1.80809     2.13927     2.29813    2.47139    2.80769   0.00646013
v_subj(ConSwitch).5015     1.44471      0.1878     1.07201     1.31754     1.44129    1.56855    1.82352   0.00482612
v_subj(IncStay).5015       1.36286    0.189212    0.990989     1.23608      1.3614    1.48631    1.75423   0.00491345
v_subj(IncSwitch).5015     1.39642    0.191305     1.01372     1.26768     1.39644    1.52721    1.76629   0.00445469
v_subj(ConStay).5016       0.71998    0.218321    0.290562    0.574722    0.720352   0.871432     1.1518    0.0044683
v_subj(ConSwitch).5016    0.420918    0.161248    0.115081    0.311782    0.418133   0.530234   0.749408   0.00336233
v_subj(IncStay).5016      0.696129    0.210196    0.296197    0.555945    0.691552   0.839541     1.1122   0.00433122
v_subj(IncSwitch).5016    0.374376    0.187412  0.00827024    0.243255    0.374817   0.500857   0.750669   0.00372591
v_subj(ConStay).5017       1.92493    0.230626     1.48332     1.76586      1.9244    2.08382    2.37543   0.00521614
v_subj(ConSwitch).5017     1.60188    0.200012     1.22684     1.46146     1.60278    1.74022    1.99338    0.0042447
v_subj(IncStay).5017       1.49325    0.205914     1.10106     1.35049      1.4847    1.63061     1.9055   0.00513382
v_subj(IncSwitch).5017     1.34381    0.198706    0.953309     1.20871     1.34053    1.48149    1.73123    0.0043412
v_subj(ConStay).5018       1.86982    0.213347     1.45294     1.72484     1.87229    2.01213    2.28659   0.00448749
v_subj(ConSwitch).5018     1.42987    0.211188     1.02535     1.28728     1.42854    1.57195    1.84611   0.00413124
v_subj(IncStay).5018       1.47071    0.240399    0.986367     1.30471     1.46824    1.63941    1.93969   0.00522778
v_subj(IncSwitch).5018    0.932114    0.177646    0.585032    0.816811    0.937445    1.05337    1.27091   0.00360309
v_subj(ConStay).5019       1.91393    0.208144     1.50548     1.78008     1.91574    2.05455    2.31466   0.00666304
v_subj(ConSwitch).5019     1.61041    0.175149     1.27214     1.48871     1.60794    1.73133    1.95549   0.00584233
v_subj(IncStay).5019       1.56026    0.191528     1.19198     1.42807     1.55921    1.68158    1.94844   0.00669098
v_subj(IncSwitch).5019     1.36751    0.190134     1.00588     1.23708     1.36182    1.49544    1.74028   0.00618026
v_subj(ConStay).5020       2.57857    0.253263     2.07571     2.40826     2.57683    2.75459    3.07718   0.00637126
v_subj(ConSwitch).5020     1.96267    0.219562     1.55063     1.81334     1.96316    2.10797    2.39371    0.0064266
v_subj(IncStay).5020       1.90246    0.214297     1.48414      1.7607     1.90056     2.0384    2.33873   0.00592869
v_subj(IncSwitch).5020     1.76571    0.209414     1.35538     1.62705     1.76246    1.90414    2.19889   0.00598645
v_subj(ConStay).5021       2.06502    0.249224     1.55353     1.90022     2.06443    2.23154    2.55594   0.00651963
v_subj(ConSwitch).5021     1.53539    0.222598     1.12123      1.3855     1.52585    1.68329    1.99122   0.00527822
v_subj(IncStay).5021       1.45184    0.207038     1.05097       1.307     1.44984    1.59604    1.85527   0.00453563
v_subj(IncSwitch).5021    0.929125    0.181909    0.563019    0.807066    0.929925    1.04447    1.29017   0.00432374
v_subj(ConStay).5022       1.74726    0.224953     1.33084     1.58686     1.74406    1.89321    2.20601   0.00516171
v_subj(ConSwitch).5022    0.982518    0.185396    0.622126    0.862454    0.980852     1.1026     1.3604   0.00440451
v_subj(IncStay).5022       1.60045    0.239097     1.13522     1.43255     1.59897    1.74943     2.0919   0.00540738
v_subj(IncSwitch).5022    0.770817    0.180105    0.410149    0.651929    0.769988   0.895977    1.12198   0.00373648
v_subj(ConStay).5023       0.65993    0.224026    0.220829    0.511444    0.660732   0.809804    1.09771   0.00473531
v_subj(ConSwitch).5023   -0.226374    0.249515   -0.732758   -0.396332   -0.232604 -0.0531988   0.255517   0.00510128
v_subj(IncStay).5023    -0.0371548    0.266072   -0.567522   -0.216022  -0.0315585   0.138682   0.497139   0.00520202
v_subj(IncSwitch).5023    0.268815    0.241237   -0.192498    0.104315    0.266849   0.432245   0.742847   0.00526406
v_subj(ConStay).5024       1.05089     0.25716    0.544439    0.868138     1.04699    1.22248    1.55203    0.0053106
v_subj(ConSwitch).5024    0.432322    0.198151   0.0348493    0.301187    0.432955   0.566039   0.831503   0.00411983
v_subj(IncStay).5024      0.697771    0.235056    0.245864    0.537505    0.693197    0.87094    1.13283    0.0048406
v_subj(IncSwitch).5024    0.496394    0.194118    0.120482    0.364061     0.49941   0.623219   0.886433   0.00391179
v_subj(ConStay).5025        1.8274    0.201651     1.44644     1.68943     1.82459    1.96187    2.20816   0.00462066
v_subj(ConSwitch).5025     1.32776    0.189925    0.956711     1.19999     1.32959    1.45736    1.69456   0.00415896
v_subj(IncStay).5025       1.53114    0.201578     1.14435       1.396      1.5303    1.66422    1.94473   0.00451742
v_subj(IncSwitch).5025    0.934155    0.180054    0.599037    0.808766    0.926021    1.05316    1.30716   0.00389486
v_subj(ConStay).5026       2.62234    0.277753     2.06928     2.43452     2.62336    2.80863    3.15638   0.00738075
v_subj(ConSwitch).5026     1.27005    0.191154    0.883968     1.14306     1.26987    1.40172    1.63478   0.00497759
v_subj(IncStay).5026       2.74696    0.311316     2.11346     2.54361      2.7568     2.9477    3.36715   0.00831741
v_subj(IncSwitch).5026     1.09269    0.189118    0.719701    0.966325     1.09354    1.21999    1.46152   0.00490574
v_subj(ConStay).5027       2.40775    0.336236      1.7637     2.17896     2.39721    2.63139    3.07237   0.00765508
v_subj(ConSwitch).5027      2.3154    0.346373     1.65884     2.09226     2.31486    2.54807    2.99297    0.0062982
v_subj(IncStay).5027      0.400754    0.333722    -0.23892    0.170777    0.400775   0.631752    1.04104   0.00718755
v_subj(IncSwitch).5027     0.42717    0.317574   -0.200923    0.216914    0.421465   0.633767    1.07186   0.00669876
v_subj(ConStay).5028       1.63636    0.252003     1.18907      1.4591     1.62748    1.80115    2.14275   0.00587848
v_subj(ConSwitch).5028     1.11605    0.199252    0.732266    0.975678     1.11215    1.25558    1.50636   0.00409434
v_subj(IncStay).5028      0.971583    0.209314    0.555293    0.834159    0.973809    1.11324    1.38481   0.00424708
v_subj(IncSwitch).5028    0.596659    0.192234    0.236899    0.460748    0.594432   0.729896   0.966029   0.00391725
v_subj(ConStay).5029       2.13445    0.222923     1.70279     1.98368     2.13214    2.28452      2.583   0.00579656
v_subj(ConSwitch).5029     1.39682    0.189227     1.03317     1.27086     1.39895    1.52226    1.78098   0.00466692
v_subj(IncStay).5029       1.71242     0.20245     1.32258     1.57139     1.71366    1.85084    2.10463   0.00487062
v_subj(IncSwitch).5029     1.07965    0.211119    0.674064     0.93686     1.07277    1.20824    1.51226   0.00483319
v_subj(ConStay).5030       1.77445    0.216525     1.34636     1.63012     1.76807    1.92501    2.19176   0.00507711
v_subj(ConSwitch).5030    0.963087    0.166111     0.64772    0.847721    0.960702    1.07027    1.30146   0.00357351
v_subj(IncStay).5030       1.55615    0.208455     1.14277      1.4191     1.55602    1.69723    1.98444   0.00431827
v_subj(IncSwitch).5030    0.892808    0.173005    0.557162    0.777013     0.89538    1.00583    1.23591   0.00376533
v_subj(ConStay).5031       2.08824    0.213201     1.67311     1.94962     2.08938    2.22992     2.5162   0.00616076
v_subj(ConSwitch).5031     1.28594    0.188311    0.920515     1.15847     1.28626    1.40867    1.66809   0.00560462
v_subj(IncStay).5031       1.97512    0.222221     1.53686     1.82463     1.96659    2.12431    2.42137   0.00563998
v_subj(IncSwitch).5031     1.23527    0.187167    0.886819     1.10673     1.22515    1.35861    1.62396   0.00564709
v_subj(ConStay).5032       2.89577    0.313033     2.26837     2.69193      2.8977    3.10258    3.52887   0.00713652
v_subj(ConSwitch).5032     2.07058    0.295646     1.46805     1.87845     2.07101    2.25939    2.65972   0.00633929
v_subj(IncStay).5032       2.32167    0.333036     1.66378     2.10509     2.31829    2.52877    3.01124   0.00733502
v_subj(IncSwitch).5032     1.33137     0.29412    0.758302      1.1319     1.33766    1.53354    1.89637   0.00666651
v_subj(ConStay).5033       1.72714    0.231067     1.26168     1.57411     1.73544    1.87932    2.17759    0.0053026
v_subj(ConSwitch).5033     1.43885    0.197921     1.05819      1.3035     1.43831    1.56926    1.82306   0.00487598
v_subj(IncStay).5033       1.38081     0.22084    0.944019     1.23048     1.37256     1.5307    1.80829   0.00493004
v_subj(IncSwitch).5033     1.10022    0.194186    0.699228    0.970851     1.10546    1.22952     1.4875   0.00436605
v_subj(ConStay).5034      0.789567    0.202015    0.399323    0.655944    0.785061   0.919636    1.20658   0.00441831
v_subj(ConSwitch).5034     0.96685    0.228338    0.525686    0.812322    0.969696     1.1248    1.40543   0.00515771
v_subj(IncStay).5034      0.175405    0.219279      -0.266   0.0256359     0.17713   0.326733   0.594743   0.00424363
v_subj(IncSwitch).5034    0.534564    0.204821    0.133763    0.397869    0.531876   0.676504   0.934929   0.00391865
v_subj(ConStay).5035       1.50943    0.214626     1.08189     1.36669     1.51012    1.65472    1.93795   0.00448963
v_subj(ConSwitch).5035     1.36267     0.18514    0.998463      1.2332     1.36555    1.48311     1.7257   0.00412426
v_subj(IncStay).5035      0.883947    0.202043    0.491764     0.75242    0.874244     1.0213    1.29239   0.00409984
v_subj(IncSwitch).5035    0.441918     0.18674   0.0770777    0.320301    0.440113   0.565219   0.825688   0.00379675
v_subj(ConStay).5036       1.92868    0.216617     1.49823     1.78489     1.93181    2.06893    2.36937   0.00520918
v_subj(ConSwitch).5036     1.50923    0.214078     1.09463     1.36336     1.50236    1.65123     1.9287   0.00584245
v_subj(IncStay).5036       1.57783    0.233136     1.12135     1.41822     1.57222     1.7406    2.03268   0.00587373
v_subj(IncSwitch).5036     1.09412    0.186939    0.729844    0.963576     1.08762    1.21871     1.4701   0.00474956
v_subj(ConStay).5037       1.96497    0.240352     1.50065     1.80505     1.96142    2.12687    2.43694   0.00545464
v_subj(ConSwitch).5037     1.38583    0.177078     1.03625      1.2673     1.38362    1.50644    1.72679   0.00439505
v_subj(IncStay).5037       1.52625    0.216505     1.10731     1.37421     1.52118    1.67298    1.95337   0.00485182
v_subj(IncSwitch).5037    0.837091    0.170344    0.498613    0.722879    0.841738   0.952216    1.16394   0.00405851
v_subj(ConStay).5038        1.7454    0.234071     1.29514      1.5866     1.73794    1.90185    2.21301   0.00523241
v_subj(ConSwitch).5038     1.03032    0.170973    0.704999    0.910597     1.03002    1.14089    1.37124   0.00299963
v_subj(IncStay).5038       0.96157    0.195943    0.570501    0.831343    0.963645    1.09347    1.34078   0.00410621
v_subj(IncSwitch).5038    0.557438    0.178681    0.199999    0.439941     0.55929   0.675013   0.912314   0.00361318
v_subj(ConStay).5039       2.02918    0.258528     1.52921      1.8508     2.02386     2.2032    2.55345   0.00528687
v_subj(ConSwitch).5039     1.20171    0.192882    0.830184     1.07364     1.19911    1.33072    1.58629   0.00375475
v_subj(IncStay).5039       1.42834    0.221137    0.994598     1.28667     1.42499    1.56037    1.88151   0.00446234
v_subj(IncSwitch).5039    0.554744    0.174483    0.211628     0.43666    0.559786   0.673046   0.888612     0.003732
v_subj(ConStay).5040       2.18092    0.235122     1.71268     2.02342     2.18301    2.33375    2.64447   0.00604387
v_subj(ConSwitch).5040     1.34042    0.201629    0.943607     1.21014     1.33565    1.47115    1.74209   0.00428181
v_subj(IncStay).5040       1.50568    0.233866     1.06845     1.34364      1.4985    1.66243    1.98196   0.00539168
v_subj(IncSwitch).5040    0.780697    0.184713    0.417367    0.653065    0.786073   0.902985    1.14203   0.00376564
v_subj(ConStay).5041        1.1745    0.225129     0.72404     1.02056     1.17512    1.32437     1.6211   0.00414339
v_subj(ConSwitch).5041    0.654494    0.186837    0.295856    0.523677    0.651394   0.781156    1.02595   0.00439042
v_subj(IncStay).5041      0.829849    0.195794    0.461987    0.691846    0.827376   0.965752    1.22192   0.00474452
v_subj(IncSwitch).5041    0.716568    0.196831    0.316464    0.586109    0.715097   0.852616    1.09602   0.00386856
v_subj(ConStay).5042       1.49339     0.28753    0.962667     1.29046     1.48659    1.69343    2.06079   0.00624105
v_subj(ConSwitch).5042    0.543013     0.20517    0.136519    0.403582     0.54059    0.67879   0.965643   0.00420741
v_subj(IncStay).5042      0.475246     0.26468  -0.0634995    0.299043    0.475193   0.653128    1.00896   0.00582471
v_subj(IncSwitch).5042   0.0262347    0.223828   -0.427235   -0.118977   0.0288493   0.174911   0.459747   0.00478467
v_subj(ConStay).5043       1.16887    0.203471    0.779357     1.02449     1.16916    1.30713    1.57082   0.00414533
v_subj(ConSwitch).5043    0.945062    0.188499    0.578002    0.819709    0.942745    1.06941    1.32549   0.00423189
v_subj(IncStay).5043      0.765595    0.179713    0.420274    0.643861     0.76565   0.884289    1.12915   0.00275607
v_subj(IncSwitch).5043    0.398312    0.181863    0.032543    0.277489    0.399008   0.523589   0.766369   0.00358444
v_subj(ConStay).5044      0.815809    0.225507    0.379211    0.656447    0.820022   0.966826    1.24387   0.00487695
v_subj(ConSwitch).5044     0.77188    0.197197    0.387805    0.638584    0.767988   0.906214    1.16416   0.00376855
v_subj(IncStay).5044      0.869517    0.211422    0.469798     0.71916      0.8668    1.01246    1.30172   0.00405241
v_subj(IncSwitch).5044    0.128239    0.192138   -0.258291   0.0024976    0.134094   0.258427   0.502087    0.0046502
v_subj(ConStay).5045      0.812707    0.202518    0.419322    0.672897    0.815485   0.947682    1.22086   0.00362717
v_subj(ConSwitch).5045    0.491164    0.190182    0.114076    0.366749    0.487234    0.61948   0.878364   0.00394288
v_subj(IncStay).5045      0.684639    0.203756    0.285114    0.546588     0.68419   0.818693    1.10096   0.00436784
v_subj(IncSwitch).5045    0.321349    0.182123  -0.0352915    0.194727    0.324281    0.44052   0.691177   0.00393581
v_subj(ConStay).5046      0.978754    0.207054    0.598534    0.837817    0.974036    1.11152    1.39745   0.00421075
v_subj(ConSwitch).5046    0.418855    0.173191   0.0836402    0.300431    0.424465   0.533252   0.748927   0.00351819
v_subj(IncStay).5046      0.903532    0.189692    0.536898    0.781254    0.900507    1.03225    1.28068   0.00429875
v_subj(IncSwitch).5046    0.434087    0.176465    0.113069    0.305895     0.42683    0.55822   0.781057    0.0035151
v_subj(ConStay).5047        1.7865    0.265821     1.28351     1.60279     1.77539     1.9673    2.32459   0.00602305
v_subj(ConSwitch).5047     1.76653     0.23818     1.29388     1.61081     1.76262    1.92645    2.24183   0.00479165
v_subj(IncStay).5047       2.17009    0.284537     1.59522     1.98157     2.18251    2.35597    2.73698   0.00674628
v_subj(IncSwitch).5047     1.30687    0.253732    0.806896     1.12941      1.3083    1.47673    1.81262   0.00538978
v_subj(ConStay).5048       1.72156    0.228213     1.28238     1.56366       1.718    1.87314    2.16969   0.00506382
v_subj(ConSwitch).5048     1.31388    0.209374    0.901184     1.16973     1.30639    1.45898    1.72326   0.00510747
v_subj(IncStay).5048       1.98176    0.277205     1.45165     1.78872     1.97342    2.15952    2.55701   0.00599259
v_subj(IncSwitch).5048     1.11662    0.189185    0.739033    0.989117     1.11461    1.24475    1.49446   0.00445668
v_subj(ConStay).5049       2.09174    0.230817     1.62891     1.93973     2.09472    2.24466    2.53559   0.00516833
v_subj(ConSwitch).5049     1.08421     0.17149    0.752195    0.969963      1.0817    1.19691    1.42273   0.00438745
v_subj(IncStay).5049       2.32809    0.257491     1.81867     2.16001      2.3284    2.49431    2.81777   0.00607244
v_subj(IncSwitch).5049    0.674589    0.166116    0.348424     0.55609    0.674435   0.786924    1.00692   0.00347337
v_subj(ConStay).5050      0.815424    0.191402    0.453801     0.68566    0.816629   0.944421    1.19652   0.00405879
v_subj(ConSwitch).5050    0.502804    0.184517    0.135644    0.381923     0.50734   0.623144    0.86277   0.00347488
v_subj(IncStay).5050      0.467445    0.195668    0.101379     0.33735    0.461534   0.591759   0.866843   0.00534367
v_subj(IncSwitch).5050    0.153373    0.169045   -0.167485   0.0402274    0.150333    0.26607   0.495383   0.00404481
v_subj(ConStay).5051       1.53076     0.21833     1.11373     1.37907     1.52706    1.67847    1.96367   0.00440647
v_subj(ConSwitch).5051     1.22553    0.170636    0.887524     1.11153     1.22696     1.3473     1.5401   0.00385763
v_subj(IncStay).5051       1.09788    0.192339    0.722372    0.967635       1.095    1.22661    1.47376   0.00389069
v_subj(IncSwitch).5051    0.987591    0.185482    0.627685    0.861183    0.989879    1.11015    1.35892   0.00384971
v_subj(ConStay).5052      0.563222    0.193509    0.170431      0.4335    0.560699   0.695898   0.940957   0.00368639
v_subj(ConSwitch).5052    0.706952     0.18559    0.323673     0.58027    0.706394   0.834487    1.07864   0.00380414
v_subj(IncStay).5052      0.872701    0.193313    0.498974    0.741923    0.872152    1.00426    1.26258   0.00336795
v_subj(IncSwitch).5052    0.623333    0.186707    0.253645    0.499337    0.619626   0.747007   0.999351   0.00361847
v_subj(ConStay).5053       1.57737     0.20471     1.17808     1.44031     1.57424    1.71314    1.97883   0.00444506
v_subj(ConSwitch).5053     1.26575    0.200977    0.873572     1.12925     1.26693    1.40796    1.64943   0.00439635
v_subj(IncStay).5053      0.811908    0.198426     0.44427     0.67523    0.806486   0.943271    1.21991   0.00370537
v_subj(IncSwitch).5053    0.850182    0.197596    0.462324     0.71714    0.852289   0.986316    1.23802   0.00374748
v_subj(ConStay).5054       2.04761    0.248698     1.59018     1.87502     2.04317    2.21116    2.55427   0.00641743
v_subj(ConSwitch).5054      1.6431     0.21113     1.23245     1.49411     1.64388    1.79389    2.04394   0.00468307
v_subj(IncStay).5054       1.85642    0.227924     1.39835     1.70535     1.85448    2.01334    2.30015   0.00519713
v_subj(IncSwitch).5054     1.26956    0.214058    0.858894     1.12267     1.27007    1.42168    1.68362   0.00483571
v_subj(ConStay).5055       1.61122    0.223101     1.18771      1.4599     1.60798    1.75743    2.05218   0.00484901
v_subj(ConSwitch).5055     1.51789    0.204976      1.1071     1.37935     1.51337    1.65384    1.92764   0.00413764
v_subj(IncStay).5055       1.32393    0.227977    0.879678     1.16708     1.31473    1.46713    1.80084   0.00497154
v_subj(IncSwitch).5055     1.34734    0.194782    0.963989     1.21798     1.34776    1.47737    1.73774   0.00477635
v_subj(ConStay).5056       1.49656    0.217162     1.06619     1.34623     1.49628    1.64007    1.94796   0.00474422
v_subj(ConSwitch).5056    0.686813    0.157254    0.363124    0.584143    0.687479   0.793227    0.98927    0.0033542
v_subj(IncStay).5056       1.57713    0.194495     1.20742     1.44442     1.57444    1.70904    1.96351   0.00408849
v_subj(IncSwitch).5056    0.939938    0.170774    0.596138    0.823302    0.942221    1.06014     1.2693   0.00371732
v_subj(ConStay).5057       2.06885    0.237164     1.61254     1.90635     2.06918     2.2306    2.55245   0.00509825
v_subj(ConSwitch).5057     1.52286    0.206784     1.11693     1.37886     1.52538     1.6608    1.93234   0.00500194
v_subj(IncStay).5057        1.4783    0.226927     1.03596     1.32174     1.48069     1.6331    1.92455   0.00528423
v_subj(IncSwitch).5057        1.62    0.226541     1.19099     1.46253      1.6176    1.76729    2.07265    0.0057248
v_subj(ConStay).5058       1.93455     0.24912       1.459     1.75426     1.92837    2.08963    2.44648    0.0056051
v_subj(ConSwitch).5058     1.43214    0.204292     1.03231     1.29539     1.42738    1.57051    1.86099   0.00419465
v_subj(IncStay).5058       1.00316    0.223924    0.579942    0.852545    0.997307    1.14683    1.45862   0.00481454
v_subj(IncSwitch).5058    0.644154    0.175079    0.314386    0.528657     0.64107   0.756529   0.996452   0.00343718
v_subj(ConStay).5059       1.55794    0.233546     1.11575     1.39208     1.55532    1.72321    2.02647   0.00551282
v_subj(ConSwitch).5059     1.33922     0.19071    0.950792     1.21563     1.33753    1.45653    1.72271   0.00409525
v_subj(IncStay).5059       1.41549    0.214807    0.992895     1.27113      1.4182    1.56098    1.84341   0.00488572
v_subj(IncSwitch).5059    0.928873    0.181364    0.586804    0.799875    0.926541    1.04545    1.29166    0.0037216
v_subj(ConStay).5060       2.19642    0.254797     1.71937     2.02299     2.19533    2.36247    2.71857    0.0065628
v_subj(ConSwitch).5060     1.92706    0.229184     1.46854     1.77606     1.92999     2.0821    2.36996   0.00540657
v_subj(IncStay).5060       1.62331     0.21033     1.21626     1.48182     1.61539    1.76575     2.0379   0.00484424
v_subj(IncSwitch).5060      1.2084    0.234196    0.758774     1.04258     1.21616    1.36547    1.67045   0.00527237
v_subj(ConStay).5061      0.742072    0.176258    0.404413    0.621051    0.738309   0.858171    1.09461   0.00397831
v_subj(ConSwitch).5061    0.752501    0.156497    0.455257    0.645062    0.749188    0.86143    1.05644   0.00318436
v_subj(IncStay).5061      0.953866    0.175278    0.608403    0.835506    0.953871    1.07155    1.30085   0.00377636
v_subj(IncSwitch).5061    0.350653    0.181478  -0.0135349    0.233654    0.351654   0.468752   0.709432   0.00394137
v_subj(ConStay).5062       2.28651    0.277643     1.74123     2.09663     2.28091    2.47268    2.84785   0.00615903
v_subj(ConSwitch).5062     1.83423    0.238689     1.34223     1.68203     1.83582    1.99455    2.29537   0.00532229
v_subj(IncStay).5062      0.862345    0.219562    0.419049    0.722383    0.864288    1.00714    1.28771   0.00418645
v_subj(IncSwitch).5062      0.7834    0.209923    0.356556    0.643535    0.782202    0.92824    1.19138   0.00414272
v_subj(ConStay).5063       1.39135    0.228651    0.961623     1.24149     1.37937     1.5334    1.87219   0.00536372
v_subj(ConSwitch).5063     1.17735    0.186156    0.816714     1.04782      1.1787    1.30302    1.54461   0.00339102
v_subj(IncStay).5063       1.09611    0.193863    0.715618    0.964287     1.09399    1.22988    1.48248   0.00363774
v_subj(IncSwitch).5063     0.85586    0.192239    0.481056    0.722708    0.855435   0.984537    1.23017   0.00428923
v_subj(ConStay).5064       1.85917    0.205736      1.4558     1.72008     1.85936    1.99933    2.26733   0.00409069
v_subj(ConSwitch).5064     1.43358    0.198327     1.04061     1.29928     1.43254    1.56595    1.82627      0.00371
v_subj(IncStay).5064        1.3684    0.194451    0.983496     1.23974     1.36441    1.49901     1.7636   0.00432508
v_subj(IncSwitch).5064     1.16296    0.181838    0.810579     1.04066     1.15849    1.28182    1.52812   0.00397651
v_subj(ConStay).5065       2.23401    0.243229     1.76345     2.06857     2.23384    2.40435    2.71662   0.00545967
v_subj(ConSwitch).5065     1.48729    0.193813     1.10511     1.35545     1.48781    1.61774     1.8667   0.00435679
v_subj(IncStay).5065       1.36208    0.203601    0.960653     1.22451     1.36027    1.49687    1.76923   0.00466051
v_subj(IncSwitch).5065    0.754742    0.192796    0.355738    0.629904    0.755006   0.882223     1.1315   0.00454218
v_subj(ConStay).5066       1.98516    0.235861       1.529     1.82616     1.98104    2.14325    2.45306   0.00560347
v_subj(ConSwitch).5066     1.14279    0.178544    0.793966     1.02191     1.14048    1.26061    1.49012    0.0033306
v_subj(IncStay).5066       1.31191    0.209583    0.896809     1.17469     1.31016     1.4491    1.72782   0.00449039
v_subj(IncSwitch).5066    0.710779    0.190351    0.326054    0.581394    0.709336   0.838969    1.08173   0.00365521
v_subj(ConStay).5067       1.79528     0.20401     1.38707      1.6615     1.79249    1.93115    2.19408   0.00630251
v_subj(ConSwitch).5067     1.70106    0.190159     1.33107     1.57462     1.70349    1.82439     2.0817   0.00570874
v_subj(IncStay).5067       2.12359    0.228354      1.6979     1.97034     2.12016    2.27449    2.58328   0.00629242
v_subj(IncSwitch).5067     1.10927    0.188038    0.744506    0.981151      1.1059    1.23529    1.48062   0.00519556
v_subj(ConStay).5068       2.62276    0.294804      2.0268     2.42915     2.61955     2.8211    3.20181   0.00629827
v_subj(ConSwitch).5068     1.86506    0.282273      1.3147     1.67469     1.86041    2.05646    2.44251   0.00723183
v_subj(IncStay).5068        1.1982    0.247941    0.706598     1.02499     1.19941    1.36562    1.68858   0.00503535
v_subj(IncSwitch).5068     1.26641     0.22842    0.808279     1.11177     1.26932    1.42047    1.72756   0.00492272
v_subj(ConStay).5069       2.11344    0.245982     1.64676     1.93297     2.10922    2.28996    2.58645   0.00591071
v_subj(ConSwitch).5069    0.807337    0.160982    0.496438    0.700563    0.804509   0.913733    1.12837   0.00329191
v_subj(IncStay).5069       1.40893    0.251528    0.929634     1.23417     1.40519    1.57534    1.92543   0.00516606
v_subj(IncSwitch).5069    0.709309    0.178361    0.370405    0.586666     0.70178    0.83108    1.07161   0.00356259
v_subj(ConStay).5070     -0.616065    0.204479    -1.01599   -0.752129   -0.617334  -0.474652   -0.20929   0.00487383
v_subj(ConSwitch).5070   -0.659388    0.185787      -1.029   -0.777943   -0.656766  -0.534164  -0.295017   0.00406808
v_subj(IncStay).5070     -0.782342    0.203767    -1.19049   -0.918149   -0.779807  -0.638562  -0.392962   0.00431131
v_subj(IncSwitch).5070      -0.656    0.199378    -1.04311   -0.791652   -0.650486  -0.524699  -0.265604    0.0047189
v_subj(ConStay).5071       1.79292    0.237315     1.33097     1.63746     1.78802     1.9545    2.26085   0.00480801
v_subj(ConSwitch).5071    0.925666    0.186563    0.550583     0.80152    0.924615    1.04995    1.29713   0.00410081
v_subj(IncStay).5071       1.16627    0.235526    0.731943     1.00313     1.15815     1.3182    1.63415   0.00464384
v_subj(IncSwitch).5071    0.649977    0.185991    0.283851    0.525267    0.642902   0.773436    1.02341   0.00347835
v_subj(ConStay).5072       1.52048    0.312395    0.917304     1.31143      1.5195    1.73367    2.13156   0.00641183
v_subj(ConSwitch).5072    0.968484    0.268703    0.438184    0.788755    0.971845    1.15013    1.50347   0.00581354
v_subj(IncStay).5072      0.577987    0.296189  0.00584566    0.375252    0.578689   0.777126    1.17119   0.00613868
v_subj(IncSwitch).5072    0.461198     0.22889   0.0164223    0.301983    0.455337   0.617334   0.916809   0.00411734
v_subj(ConStay).5073       1.90605    0.220702     1.47343     1.75793     1.91118    2.05485    2.33557   0.00452096
v_subj(ConSwitch).5073     1.75887    0.230571      1.2997     1.60607     1.76555    1.91408    2.20951   0.00507872
v_subj(IncStay).5073       1.42369    0.228792    0.985203     1.26706     1.42051    1.57317    1.87749   0.00476425
v_subj(IncSwitch).5073    0.936438    0.202254    0.550319    0.799049    0.932159    1.06766    1.36434   0.00447268
v_subj(ConStay).5074       1.74639    0.222058      1.3163     1.59821     1.74332    1.88812    2.19652   0.00478355
v_subj(ConSwitch).5074     1.56593    0.212602     1.14754     1.42506     1.56561    1.70525    1.96667   0.00457366
v_subj(IncStay).5074      0.570079    0.220114    0.130302    0.422838    0.572394   0.717643   0.994889   0.00445398
v_subj(IncSwitch).5074    0.639004    0.188992    0.254599    0.513483    0.644758   0.762896    1.00309   0.00359295
v_subj(ConStay).5075       1.99381    0.230164     1.54761     1.83793     1.98876    2.14616    2.45473    0.0059954
v_subj(ConSwitch).5075     1.57238    0.195433     1.20593     1.43962     1.57254    1.70189    1.95926   0.00558718
v_subj(IncStay).5075       1.86469    0.205562     1.45413     1.72488     1.86459    2.00571    2.26478   0.00537822
v_subj(IncSwitch).5075     1.30677    0.195621    0.919096      1.1757     1.30833    1.42925     1.6904   0.00521731
v_subj(ConStay).5076        2.4179    0.258736     1.91476     2.25177     2.42032    2.59165    2.93274   0.00602886
v_subj(ConSwitch).5076     1.72864    0.216353     1.31002     1.58739     1.72223    1.87167    2.16769   0.00519553
v_subj(IncStay).5076       1.61964    0.207209     1.22831     1.47017     1.61563    1.76644    2.01061   0.00562924
v_subj(IncSwitch).5076     1.35114    0.207648    0.947937     1.21199     1.35424    1.49699    1.75086   0.00484952
v_subj(ConStay).5077       2.38032     0.25464     1.89364     2.20621     2.37756    2.54829    2.89315   0.00577409
v_subj(ConSwitch).5077     1.52464    0.209642     1.12059     1.38356     1.52363    1.66693    1.93024   0.00443127
v_subj(IncStay).5077       1.35389    0.230803    0.900344     1.20405     1.35241     1.5084    1.82182   0.00531951
v_subj(IncSwitch).5077    0.715073    0.178551    0.353994    0.591606    0.712716   0.840584    1.06418   0.00396848
v_subj(ConStay).5078       2.25263     0.24608     1.78592      2.0761     2.24926    2.41147    2.75623   0.00544169
v_subj(ConSwitch).5078     1.44108    0.196692     1.04877     1.31262     1.44469    1.56871    1.85233   0.00429601
v_subj(IncStay).5078       1.82085    0.237866     1.37573     1.66373     1.82027    1.97583    2.30397   0.00565821
v_subj(IncSwitch).5078    0.925083    0.179615    0.559656    0.804289    0.930491    1.04235    1.27863   0.00394902
v_subj(ConStay).5079       2.55004    0.286142     1.97817     2.35421     2.55378     2.7405    3.11323   0.00616082
v_subj(ConSwitch).5079     1.54176    0.202659     1.14849     1.40568     1.54147    1.67616    1.94314   0.00485661
v_subj(IncStay).5079       1.70218    0.220291     1.28149     1.55513     1.70055    1.84673    2.14005   0.00603007
v_subj(IncSwitch).5079     1.36126    0.195985    0.982467     1.23031     1.36141    1.49183    1.73911   0.00448654
v_subj(ConStay).5080       1.99934    0.256676     1.47415     1.82515     2.00503    2.17536    2.48112   0.00709518
v_subj(ConSwitch).5080      1.4612    0.199536     1.07358     1.32086     1.45888    1.59689    1.86659   0.00560517
v_subj(IncStay).5080       1.87034    0.278836     1.35117      1.6774     1.85489    2.05384    2.45259   0.00828151
v_subj(IncSwitch).5080     1.14549     0.19549    0.750346     1.01142     1.14614    1.27821    1.53862   0.00534694
v_subj(ConStay).5081       1.94534    0.253622     1.46716     1.77046     1.93835      2.114    2.44895   0.00536845
v_subj(ConSwitch).5081     1.36631    0.189629     1.00809     1.23875      1.3656    1.49748    1.73832   0.00484649
v_subj(IncStay).5081        2.0944    0.237259     1.64076     1.93484     2.09345    2.24752    2.58887   0.00615423
v_subj(IncSwitch).5081     1.39451    0.223555    0.959046     1.24146     1.39415    1.53868    1.84903     0.004906
v_subj(ConStay).5082      0.574414     0.19569    0.204456    0.441533    0.573921   0.708817   0.960852   0.00409662
v_subj(ConSwitch).5082    0.629354    0.186196    0.282732    0.498929    0.622589    0.75762   0.989567   0.00397017
v_subj(IncStay).5082     0.0123935     0.21671    -0.42722   -0.131138   0.0181454   0.161791   0.435354   0.00469217
v_subj(IncSwitch).5082    0.304373    0.171655  -0.0253855    0.184073    0.305758   0.426006   0.634296   0.00325186
v_subj(ConStay).5083       1.72327     0.21948     1.29763     1.57599     1.72033    1.87206    2.15561    0.0047127
v_subj(ConSwitch).5083     1.07667    0.180039    0.721626    0.953214     1.07312    1.19956    1.43557   0.00408471
v_subj(IncStay).5083       1.64127    0.230844     1.20103     1.48323     1.63978     1.8022    2.09658   0.00529781
v_subj(IncSwitch).5083    0.756841    0.188256    0.382843    0.625972    0.755726   0.884515    1.11953   0.00391296
v_subj(ConStay).5084       2.34725    0.245499     1.88823      2.1776     2.34235    2.51045     2.8434   0.00686352
v_subj(ConSwitch).5084     1.78848    0.209768     1.36988      1.6499     1.79186    1.93022    2.20124    0.0065038
v_subj(IncStay).5084       2.36964    0.246235      1.8919     2.20162     2.36835    2.53135    2.85982   0.00788127
v_subj(IncSwitch).5084     1.65459    0.208072     1.25114     1.50895     1.65439    1.79707    2.06858   0.00639974
v_subj(ConStay).5085       1.30715    0.219522    0.881172     1.16177     1.30405    1.45111     1.7583   0.00479761
v_subj(ConSwitch).5085     1.17074     0.20577    0.771262     1.03419     1.17247    1.30648    1.57258   0.00437012
v_subj(IncStay).5085      0.977885    0.238934    0.537618    0.809761    0.972153     1.1341    1.48103   0.00500888
v_subj(IncSwitch).5085    0.666681    0.188602     0.31205    0.535112    0.665369   0.796955    1.03728   0.00430068
v_subj(ConStay).5086       1.14126    0.234182    0.683588    0.980661     1.13693    1.29566    1.60753   0.00486148
v_subj(ConSwitch).5086     1.10704     0.25283    0.626959    0.938487     1.10752    1.27694    1.61535   0.00555596
v_subj(IncStay).5086      0.365914    0.258714   -0.132646    0.187339    0.363272   0.544597   0.855117   0.00572882
v_subj(IncSwitch).5086    0.415788     0.26587   -0.102769    0.238053    0.416967   0.600756   0.933081   0.00535397
v_subj(ConStay).5087       2.62862    0.294307     2.04878     2.44626     2.62426    2.82353    3.23189   0.00574798
v_subj(ConSwitch).5087     2.17674    0.239587     1.71757     2.01314     2.17923    2.34227    2.63253   0.00530785
v_subj(IncStay).5087       1.92712    0.243306      1.4525      1.7583     1.92334    2.09246    2.39426   0.00534157
v_subj(IncSwitch).5087     1.37912    0.238159    0.902742     1.22067     1.38375    1.54047    1.85465   0.00558595
v_subj(ConStay).5088       2.09819     0.23371     1.65425     1.93718     2.09015    2.25068    2.58169   0.00613429
v_subj(ConSwitch).5088     1.92148    0.218343     1.47886     1.77952     1.92369    2.07105    2.34302   0.00603022
v_subj(IncStay).5088         1.658    0.216965     1.23465     1.51757     1.65653    1.79938      2.081   0.00515802
v_subj(IncSwitch).5088     1.28428    0.208091    0.873081     1.15037     1.28662    1.42375    1.69073   0.00457229
v_subj(ConStay).5089       1.79479    0.254336     1.29696     1.62114     1.79261    1.97057    2.29399   0.00598098
v_subj(ConSwitch).5089      1.0556    0.200779    0.657634    0.928143     1.05584    1.18627     1.4472   0.00408227
v_subj(IncStay).5089       1.19983    0.212336    0.779359     1.05694     1.19867    1.33926    1.62557   0.00438242
v_subj(IncSwitch).5089    0.859049    0.183665    0.486706    0.731933    0.861769   0.983306    1.22635   0.00405854
t                         0.287737   0.0149534    0.259913    0.277573    0.287307   0.296999   0.318781  0.000429048
t_std                     0.138408   0.0141119    0.114283    0.128686    0.136959   0.146788   0.169594  0.000449271
t_subj.5000               0.140418   0.0113868    0.117391    0.132914    0.141095   0.148528   0.160261  0.000332179
t_subj.5001             0.00906652  0.00439749  0.00234114  0.00574796  0.00841818  0.0117867  0.0195112  0.000105033
t_subj.5002               0.254448   0.0198569    0.209365    0.242085     0.25542   0.268155   0.290766  0.000896681
t_subj.5003               0.388416   0.0187697    0.349201    0.376415    0.389526   0.401413   0.424286  0.000749982
t_subj.5004               0.256075   0.0158618     0.22042    0.246671    0.256805    0.26696   0.284915   0.00068804
t_subj.5005               0.324381   0.0228322    0.277271    0.310026    0.325203   0.339505   0.370437  0.000672694
t_subj.5006               0.299364   0.0153337     0.26752    0.290075    0.300232   0.309542   0.327806  0.000593245
t_subj.5007               0.305004   0.0109515    0.280243    0.298692    0.306181   0.312719   0.322884  0.000369487
t_subj.5008               0.265284   0.0196546     0.22254    0.252469    0.266424   0.279166   0.300002  0.000719717
t_subj.5009               0.234008   0.0155347    0.199938    0.224253    0.234929    0.24494    0.26071  0.000623678
t_subj.5010               0.262629   0.0183663    0.215603    0.253299     0.26382   0.273844    0.29624  0.000672732
t_subj.5011               0.323187   0.0152979    0.288816     0.31392    0.323939   0.334023   0.348988  0.000611127
t_subj.5012               0.387045   0.0155164    0.347824    0.379517    0.389583    0.39793   0.410124  0.000597863
t_subj.5013               0.154186   0.0254551    0.107781    0.135639    0.153165   0.172964   0.203309  0.000722885
t_subj.5014               0.298055   0.0184903    0.260626    0.286914    0.298896   0.309544   0.334293  0.000517695
t_subj.5015               0.288121   0.0182689    0.248779    0.276561    0.289762    0.30056   0.320866   0.00076231
t_subj.5016               0.270319   0.0279759    0.230559    0.251079    0.263093   0.282873   0.334563   0.00116185
t_subj.5017               0.458851   0.0165927    0.423021    0.448544    0.459978   0.470689   0.488842  0.000530946
t_subj.5018               0.281098   0.0208484    0.241097    0.267335     0.27992   0.295204   0.321431  0.000655604
t_subj.5019                0.21171    0.028801    0.145763    0.194468    0.214415   0.231971   0.259971    0.0013388
t_subj.5020               0.267669   0.0206754    0.224825    0.253847    0.269235   0.282857   0.304022   0.00113096
t_subj.5021               0.269204   0.0296966    0.215524    0.246196    0.268006   0.294652   0.322501   0.00132301
t_subj.5022               0.333864   0.0440332    0.257419    0.301904    0.323047   0.378069   0.407525     0.002324
t_subj.5023             0.00928472   0.0033712  0.00298133  0.00693777  0.00914364  0.0115898  0.0160932  8.23633e-05
t_subj.5024               0.294833   0.0105028    0.272644    0.288338     0.29539   0.301899   0.314278  0.000322459
t_subj.5025               0.253077   0.0213182    0.213962    0.240052    0.252086   0.263947   0.303169  0.000647233
t_subj.5026               0.301009   0.0181244    0.254521    0.292379    0.303357   0.313041   0.330344  0.000875265
t_subj.5027               0.395399  0.00380881    0.387235    0.392971    0.395697   0.398139   0.401809  0.000116869
t_subj.5028               0.377494    0.020407     0.33221    0.364852    0.381004   0.392027   0.410005  0.000648965
t_subj.5029               0.532556   0.0216725    0.491263    0.518997    0.532047   0.545205   0.581591   0.00070597
t_subj.5030               0.316235   0.0291532    0.257204    0.295055    0.319897    0.33887   0.364125  0.000965886
t_subj.5031               0.260176   0.0253599    0.206787    0.244952    0.262087   0.278554   0.304204   0.00118068
t_subj.5032                0.33576  0.00516542    0.324898     0.33258    0.336057   0.339142   0.345385  0.000167046
t_subj.5033               0.305566   0.0233643    0.256556    0.289753     0.30892   0.323131   0.343265  0.000942341
t_subj.5034               0.171314   0.0123714    0.142158    0.164515    0.172122   0.178897   0.194729  0.000365235
t_subj.5035               0.328929    0.017372    0.293897    0.318154    0.329492   0.340371   0.361724   0.00053085
t_subj.5036               0.386877   0.0215467    0.339985    0.373498    0.388269    0.40194   0.425038  0.000781444
t_subj.5037               0.260962   0.0196253    0.220222    0.248179    0.261226   0.274331   0.299136  0.000647259
t_subj.5038               0.331249   0.0170989    0.294215    0.320705    0.332329   0.343271   0.361407  0.000501432
t_subj.5039               0.230927   0.0147153    0.201599    0.221877    0.231035   0.239035    0.26543  0.000503466
t_subj.5040               0.367223   0.0151339    0.335841    0.357842    0.367969   0.377105   0.396329  0.000462659
t_subj.5041               0.135032   0.0128922     0.10669    0.127439    0.135829   0.143784   0.158378  0.000402838
t_subj.5042               0.299396  0.00785341    0.282049    0.294673    0.300126   0.304808   0.313043  0.000203655
t_subj.5043               0.379137   0.0155857    0.346789    0.369524    0.379998   0.389841   0.406789  0.000425812
t_subj.5044                0.19578   0.0104127     0.17384    0.189181    0.196871   0.203115   0.213683  0.000295593
t_subj.5045               0.165754   0.0183797    0.127062    0.152484    0.168818    0.17995   0.194458  0.000660019
t_subj.5046               0.270344   0.0178982    0.233604    0.258731    0.270602   0.282384   0.304305  0.000571012
t_subj.5047               0.420021   0.0107792    0.400041    0.412474    0.418891   0.428174   0.440272  0.000328681
t_subj.5048               0.271147   0.0132736    0.242707    0.262935    0.272039   0.280511   0.293957   0.00046771
t_subj.5049               0.222743    0.022611    0.179858    0.207459    0.222123   0.236954   0.269088   0.00088198
t_subj.5050               0.235862   0.0917817    0.118498    0.146962    0.222515   0.326325   0.358235   0.00852024
t_subj.5051               0.357026   0.0220257    0.312054    0.343179    0.357458   0.371131   0.400039  0.000716351
t_subj.5052               0.335208   0.0145432    0.303651    0.326381    0.336018   0.344958   0.362303  0.000408657
t_subj.5053               0.275444   0.0189787    0.239386    0.262975    0.274404   0.286675   0.314953  0.000530083
t_subj.5054                0.23635    0.021859    0.192377    0.225465    0.235336   0.245042   0.295489   0.00103549
t_subj.5055               0.361391   0.0185652    0.316647    0.351481    0.363513   0.374296   0.390868  0.000733595
t_subj.5056                  0.285   0.0204001    0.241185    0.271479    0.287031    0.29962    0.31949  0.000682714
t_subj.5057               0.278467   0.0152306    0.246856    0.268818    0.279238   0.289203   0.304944  0.000593003
t_subj.5058               0.286291   0.0143185    0.254776    0.277857    0.287617   0.296439    0.31097   0.00040874
t_subj.5059               0.342526   0.0198597    0.304054    0.327552    0.342186   0.358543   0.376854  0.000636391
t_subj.5060               0.279774   0.0127052    0.252284    0.271435    0.280558   0.288813   0.302012  0.000475358
t_subj.5061               0.166737   0.0320922    0.111824    0.144157    0.161914   0.187247   0.235591  0.000847056
t_subj.5062               0.294961   0.0115702      0.2717    0.287357     0.29526   0.303452   0.315481  0.000365853
t_subj.5063                0.35329   0.0143953    0.321991    0.344795    0.354139   0.363679   0.377309  0.000436245
t_subj.5064               0.322344   0.0189267    0.281881    0.310776    0.323988   0.335597   0.355614  0.000693417
t_subj.5065               0.324028   0.0234645    0.278907    0.306708    0.324978   0.340948   0.366556  0.000967643
t_subj.5066               0.283208   0.0156267    0.249476    0.273182    0.284224   0.294567   0.310278  0.000494085
t_subj.5067               0.303558   0.0215951    0.258436    0.289865    0.304786   0.318774   0.343887  0.000870077
t_subj.5068               0.379502   0.0109028    0.351447    0.374442    0.381005   0.386479   0.396621  0.000362683
t_subj.5069               0.259953   0.0179105    0.224377    0.247934    0.260228   0.272639   0.293051   0.00055687
t_subj.5070              0.0184532  0.00906002  0.00542125   0.0123349    0.017081  0.0228941  0.0404632  0.000243458
t_subj.5071               0.438264   0.0132617    0.409908    0.430125    0.439231   0.447629   0.460519  0.000409143
t_subj.5072               0.385638  0.00999622     0.37269    0.379929     0.38405   0.388115   0.419523   0.00051502
t_subj.5073               0.263205   0.0154727    0.233357    0.253215    0.263534   0.272564   0.295468  0.000514842
t_subj.5074               0.424415   0.0139355    0.391027    0.417141    0.426332    0.43409   0.446702  0.000468874
t_subj.5075               0.365618   0.0225979    0.317507    0.350794     0.36789   0.380921   0.405382  0.000898543
t_subj.5076               0.235821   0.0143666    0.204678    0.227045    0.236764   0.245143   0.261885  0.000553992
t_subj.5077                0.38964   0.0151265    0.361826    0.379593    0.388532   0.398404   0.422401  0.000491153
t_subj.5078               0.221137   0.0157769    0.186525    0.211647    0.221667   0.232019    0.24889   0.00062266
t_subj.5079               0.253182   0.0156559    0.219364    0.243269    0.253873   0.264403   0.279635  0.000612973
t_subj.5080               0.331382   0.0192282    0.292506    0.318897    0.331372   0.343655    0.36972  0.000752088
t_subj.5081               0.281298   0.0148187    0.249592    0.272143    0.282231   0.291269   0.308319  0.000532416
t_subj.5082               0.122304   0.0207011   0.0705828    0.112293    0.126736   0.137035    0.15131  0.000771182
t_subj.5083               0.314154   0.0155115    0.283649    0.304026    0.314409   0.324425   0.344676  0.000525506
t_subj.5084               0.321731   0.0257625    0.254519    0.307822    0.324987   0.340061    0.36013   0.00140606
t_subj.5085               0.227915   0.0157536    0.196027    0.216388    0.229911    0.24024    0.25373  0.000501056
t_subj.5086               0.184695  0.00968749     0.16667    0.177463    0.184735   0.192013   0.202184  0.000289228
t_subj.5087               0.351145   0.0100789    0.329358    0.344835     0.35187   0.358072   0.368911  0.000387805
t_subj.5088                0.26323   0.0157162    0.228063    0.253757    0.264432    0.27418   0.290865  0.000575962
t_subj.5089               0.255639   0.0128115    0.227922    0.247431    0.256899   0.264743    0.27727  0.000377301
DIC: 19016.489151
deviance: 18546.554429
pD: 469.934722
