                   mean         std        2.5q         25q         50q        75q      97.5q       mc err
a               1.80634   0.0382454     1.73364     1.78122     1.80542    1.83218    1.88531  0.000916614
a_std          0.343094   0.0305229    0.289866    0.321798    0.340638   0.362481     0.4086  0.000994313
a_subj.5000     1.53151   0.0557733     1.42646     1.49362     1.53093    1.56745    1.65046   0.00144054
a_subj.5001     1.64792   0.0509658     1.55574     1.61285     1.64564    1.67983    1.75463   0.00105862
a_subj.5002     2.09504    0.133714     1.85402     1.99995     2.08849    2.17943    2.38243   0.00571715
a_subj.5003     2.03215    0.130758     1.80122     1.94068     2.02406    2.11203     2.3106   0.00621299
a_subj.5004     1.99299    0.142879     1.74378     1.88955     1.98229     2.0824    2.29715   0.00704246
a_subj.5005      2.0535   0.0989806     1.87474     1.98375     2.05004    2.11524    2.26177   0.00299137
a_subj.5006     1.84642    0.118403     1.62907     1.76395     1.84069    1.92371    2.09556   0.00569441
a_subj.5007     1.53714   0.0818531     1.37816     1.48074     1.53508    1.59025    1.70782   0.00300733
a_subj.5008     2.09325    0.136059     1.85209     1.99981     2.08144    2.17701    2.39994      0.00643
a_subj.5009     1.82143    0.121649      1.6222       1.739     1.80704    1.89578    2.08867   0.00620512
a_subj.5010     1.68616   0.0796197     1.53906     1.63055     1.68261    1.73925    1.84862    0.0028007
a_subj.5011      1.7593   0.0966948     1.57683     1.69432      1.7562    1.82394    1.95332   0.00387416
a_subj.5012     1.61246   0.0814946     1.46511     1.55658     1.60869     1.6646    1.78507   0.00264363
a_subj.5013     1.99683   0.0807863     1.84713     1.94068     1.99545    2.05176     2.1599    0.0022731
a_subj.5014     1.75445   0.0634986     1.63446     1.71116     1.75314    1.79574    1.88523   0.00171322
a_subj.5015      2.0542      0.1197     1.82892     1.97027     2.05263    2.13199    2.29462   0.00500506
a_subj.5016     1.62453   0.0645938     1.49638     1.58137     1.62548    1.66823    1.74906   0.00207943
a_subj.5017      2.0437    0.126833     1.81446     1.95393     2.03895    2.12768    2.30805   0.00494266
a_subj.5018     1.84992    0.100584     1.66649     1.77906     1.84481    1.91523    2.06499   0.00313946
a_subj.5019     2.91664    0.290027     2.43986     2.70701     2.88251     3.0911    3.57097    0.0167563
a_subj.5020     2.12428    0.176111     1.81536     1.99715     2.11063     2.2394    2.50858    0.0104491
a_subj.5021     1.83451    0.110264     1.63433     1.75769     1.83267    1.90569    2.06166   0.00463456
a_subj.5022     1.93221    0.121656     1.70818     1.84751     1.93514    2.01579    2.17227   0.00533443
a_subj.5023     1.15327   0.0363782     1.08538      1.1288     1.15265    1.17619    1.23185  0.000830557
a_subj.5024     1.41288   0.0509103     1.31418     1.37724      1.4129    1.44655    1.51375   0.00152138
a_subj.5025     2.10736    0.119866     1.88799       2.023     2.10452    2.18162    2.34514   0.00408852
a_subj.5026     1.73274   0.0993648     1.56564     1.66146     1.72675    1.79289    1.95297   0.00459218
a_subj.5027     0.85066   0.0356867    0.782061    0.825504    0.850472   0.873644   0.923653   0.00119406
a_subj.5028     1.71218   0.0816257     1.56112      1.6559     1.71104    1.76268    1.87865   0.00267103
a_subj.5029     2.24119    0.154122     1.95224     2.13758     2.23345    2.34108    2.56024   0.00669759
a_subj.5030     2.21861    0.134016     1.99294     2.12252     2.20472    2.30455    2.51539   0.00556337
a_subj.5031     2.41428    0.185028     2.11258     2.28115     2.39382    2.53095    2.82305   0.00960413
a_subj.5032     1.08903   0.0535726    0.990094     1.05265     1.08715    1.12288    1.20081   0.00166516
a_subj.5033     1.89776    0.109923      1.7049     1.82432     1.88625     1.9635    2.13847   0.00484113
a_subj.5034      1.4557    0.056245     1.34524      1.4181     1.45522    1.49152    1.57061   0.00175275
a_subj.5035     1.89505   0.0833981      1.7389     1.83641     1.89394    1.95123    2.05937   0.00245595
a_subj.5036     2.31608    0.167317     2.03242     2.20408     2.29271    2.40872    2.70535   0.00805524
a_subj.5037      2.0258    0.111378      1.8204     1.94905     2.02023    2.09815    2.25166   0.00413607
a_subj.5038     1.83634   0.0773069     1.69347     1.78258     1.83134    1.88869    1.99901   0.00244374
a_subj.5039     1.71196   0.0721208     1.57854     1.66234     1.71116    1.75759    1.86266   0.00209771
a_subj.5040     1.86388   0.0937853     1.68837     1.79835      1.8623    1.92607    2.05299   0.00310637
a_subj.5041     1.68529   0.0671183     1.55315     1.63997     1.68567    1.73013    1.82067   0.00181748
a_subj.5042     1.25249   0.0453208      1.1679     1.22154     1.25009    1.28301    1.34525    0.0011851
a_subj.5043       1.813   0.0731822     1.67785     1.76229     1.81013    1.86083    1.96451   0.00213438
a_subj.5044     1.53277   0.0584874     1.42259     1.49362     1.53058    1.57222     1.6519   0.00156861
a_subj.5045     1.50628   0.0648698     1.38345     1.46064     1.50385    1.55083    1.63834   0.00246515
a_subj.5046     1.80642   0.0713372     1.67216      1.7579     1.80534    1.85362    1.94878   0.00225442
a_subj.5047     1.38894    0.071619     1.26082     1.33885     1.38466    1.43325    1.54425   0.00259584
a_subj.5048     1.69884   0.0834092     1.54881     1.64139     1.69508    1.75047    1.87379    0.0028693
a_subj.5049     1.94476    0.101655     1.75744     1.87562     1.94119     2.0095    2.15168   0.00331927
a_subj.5050     1.79644    0.120884     1.59954     1.69375     1.78894    1.89462    2.01998   0.00958116
a_subj.5051      2.0987    0.113399     1.90216     2.01872     2.09015    2.17026     2.3425    0.0039283
a_subj.5052     1.72412   0.0674285     1.60031     1.67539     1.72164    1.76768    1.86746    0.0018771
a_subj.5053     1.83982   0.0853344     1.68051     1.78117     1.83781    1.89394     2.0162   0.00240318
a_subj.5054     1.85713    0.118576     1.63775     1.77687     1.85213    1.93597    2.10009   0.00530696
a_subj.5055     1.90879    0.109749      1.7145     1.83223     1.90135    1.97508    2.14955   0.00442779
a_subj.5056     2.03829    0.100281     1.86172     1.96611     2.03161    2.10201    2.25326   0.00309732
a_subj.5057     1.82442    0.108513     1.62709     1.75142     1.81693    1.89072    2.05007    0.0047967
a_subj.5058     1.68113   0.0756159     1.53952     1.62733     1.67788    1.73276    1.83321   0.00276218
a_subj.5059     1.79139   0.0903875     1.61803     1.72961     1.78803    1.85012     1.9697   0.00306159
a_subj.5060     1.69731   0.0983179     1.51831      1.6286     1.68847    1.76193    1.90411   0.00420691
a_subj.5061     2.11568   0.0908793     1.94495     2.05101      2.1124    2.17956    2.29591    0.0025915
a_subj.5062     1.45025   0.0635093     1.33307     1.40549     1.44957    1.49218    1.58118   0.00183105
a_subj.5063     1.76493   0.0783412     1.62122     1.71383     1.76031    1.81327    1.93226   0.00260619
a_subj.5064     2.01469    0.113168     1.81119     1.93422     2.01041    2.08695    2.24612   0.00398171
a_subj.5065     1.79934   0.0978397     1.62124     1.73209     1.79464    1.86595    1.99464   0.00373269
a_subj.5066     1.83533   0.0890552     1.67161     1.77126     1.83009    1.89299    2.02111   0.00316149
a_subj.5067     2.32414    0.190682      2.0115     2.19189     2.30357    2.42836    2.77704    0.0100068
a_subj.5068     1.43527   0.0755558     1.30105     1.38044      1.4315    1.48425    1.59923   0.00259854
a_subj.5069      1.8941   0.0881949     1.73312     1.83308       1.888    1.95254    2.07809   0.00261436
a_subj.5070     1.71045   0.0615854     1.59403     1.66803     1.71041    1.75122    1.83386   0.00154662
a_subj.5071     1.67506   0.0685267     1.55075     1.62611     1.67235    1.71989    1.81265    0.0020172
a_subj.5072     1.08491   0.0436889    0.995182     1.05711     1.08479    1.11495    1.16854   0.00153582
a_subj.5073     1.74095   0.0882068     1.57794     1.67984     1.73677    1.79795    1.92637   0.00320916
a_subj.5074     1.59513   0.0709208     1.46302     1.54636     1.59098    1.64289    1.74028   0.00234361
a_subj.5075     2.27703    0.158513     1.99019     2.16614     2.26605      2.379    2.62473   0.00789348
a_subj.5076     1.93917    0.121425      1.7263     1.85451     1.93546    2.01576    2.19819   0.00475849
a_subj.5077     1.73044   0.0896999      1.5649     1.66941     1.72633    1.78795    1.92055   0.00296752
a_subj.5078     1.87213   0.0982183     1.69696     1.80305     1.86553    1.93683    2.07487   0.00336529
a_subj.5079     2.00447    0.125156     1.78207     1.91827     1.99599    2.08249    2.27854   0.00529103
a_subj.5080     2.04779    0.123995      1.8205     1.96305      2.0374     2.1287    2.31169   0.00556343
a_subj.5081     1.82307    0.101537      1.6307     1.75251     1.81971    1.89112    2.02936   0.00351784
a_subj.5082     1.60778   0.0645754      1.4921     1.56063      1.6055    1.65258    1.73748   0.00207811
a_subj.5083     1.81795   0.0845998     1.66079     1.75944     1.81208    1.87212    1.99175   0.00262783
a_subj.5084     2.21898    0.220547      1.8691     2.05874     2.19014    2.35048    2.72732    0.0142366
a_subj.5085     1.59166   0.0694349      1.4664     1.54151     1.58811    1.64015    1.73405    0.0020929
a_subj.5086     1.17857   0.0474168     1.09105     1.14578     1.17754    1.21044    1.27755   0.00132122
a_subj.5087     1.56603    0.095754     1.39102     1.50027     1.56353    1.62832    1.75811   0.00410804
a_subj.5088     1.98458    0.133648     1.75936     1.89214      1.9715    2.06329    2.28684   0.00639485
a_subj.5089      1.6819   0.0734514      1.5497     1.62947     1.68048     1.7274    1.83418   0.00199706
v               1.22344   0.0617682     1.10201     1.18247     1.22393    1.26279    1.34763   0.00132774
v_std          0.562352   0.0445822    0.481762    0.532186    0.560293   0.589854   0.657526   0.00109675
v_subj.5000   -0.183678    0.105059   -0.385714   -0.255325   -0.185196  -0.115794  0.0302828   0.00213548
v_subj.5001    0.647498    0.095407      0.4562    0.582342     0.64839   0.712498   0.838407   0.00193522
v_subj.5002     1.62868    0.128066     1.38531      1.5359     1.62734    1.71498    1.88806   0.00418185
v_subj.5003     1.63398    0.133047     1.37158     1.54498     1.63253    1.72055     1.9066   0.00472663
v_subj.5004     2.00003    0.146985     1.71739     1.90005     1.99518    2.09784    2.29173   0.00560102
v_subj.5005    0.824141    0.100272    0.631805    0.753998    0.825481   0.890798    1.02584   0.00206551
v_subj.5006     1.85228    0.140244     1.57868     1.75506     1.85249    1.95041     2.1174   0.00482621
v_subj.5007     1.75989    0.148953     1.46841     1.65979     1.75948    1.86068    2.05337   0.00436225
v_subj.5008     1.57144    0.125019     1.33656     1.48157     1.56769    1.65937    1.82066   0.00422437
v_subj.5009     1.80878    0.143023     1.52375     1.71596       1.806    1.90343    2.08749   0.00492773
v_subj.5010     1.27066    0.121806     1.02643     1.18942      1.2722    1.34943    1.51183   0.00294378
v_subj.5011     1.64914    0.134122     1.38282     1.56198     1.64605    1.73744    1.91261   0.00342425
v_subj.5012     1.49016    0.127747      1.2439     1.40772     1.49452    1.57252    1.74131   0.00295222
v_subj.5013    0.606206   0.0874286    0.433923    0.548343    0.607481   0.665094   0.779754   0.00187604
v_subj.5014    0.340783   0.0921834    0.162147    0.278859    0.341361   0.401508    0.52258   0.00189023
v_subj.5015     1.54339    0.118575     1.31094      1.4631      1.5424    1.62019    1.77765   0.00362917
v_subj.5016    0.458554   0.0985199    0.268056    0.390989    0.460459   0.526325   0.648406   0.00195122
v_subj.5017     1.58722    0.129709     1.34084     1.49787     1.58343    1.67534    1.84477   0.00447944
v_subj.5018     1.37587    0.121284     1.14049     1.29516     1.37294    1.45605    1.61053   0.00301982
v_subj.5019     1.66243    0.152103     1.38034      1.5573     1.65372       1.76    1.98605   0.00757067
v_subj.5020     2.09944    0.149772      1.8135     1.99515     2.09713    2.19437    2.39713   0.00661626
v_subj.5021     1.39809    0.117542     1.16661     1.31747     1.39777     1.4784    1.62171   0.00324959
v_subj.5022     1.18161    0.109077    0.966651     1.10967     1.17986    1.25326     1.4043   0.00240625
v_subj.5023   0.0607314    0.129645   -0.197566  -0.0282456   0.0581106   0.149672   0.311975   0.00239373
v_subj.5024    0.559159    0.112134    0.340525    0.482891    0.561591    0.63244   0.783724   0.00264448
v_subj.5025     1.38115    0.119502     1.15901     1.30113      1.3784    1.45702    1.62322    0.0032941
v_subj.5026     1.58885    0.129902     1.33754     1.49933     1.58739     1.6738    1.85893   0.00349424
v_subj.5027     1.39787    0.185093     1.04916     1.26933     1.39364    1.52806    1.75406   0.00428356
v_subj.5028    0.993112    0.114031     0.76745     0.91538    0.993531    1.06809     1.2219   0.00238796
v_subj.5029     1.62056    0.142595     1.34549     1.52701     1.61689    1.71214    1.91142   0.00522603
v_subj.5030     1.19656    0.111137    0.973348      1.1236      1.1965     1.2689    1.41905   0.00331529
v_subj.5031     1.57044    0.135537     1.32107     1.47224     1.56756    1.66576    1.83531   0.00552227
v_subj.5032     2.30181    0.186903      1.9343      2.1815      2.2992    2.43057    2.66244    0.0041937
v_subj.5033     1.39524    0.117878      1.1618     1.31305      1.3931    1.47596    1.62567   0.00302889
v_subj.5034    0.547479    0.119307    0.312144    0.469598    0.549443   0.628595   0.777644   0.00241175
v_subj.5035     1.00511    0.105994    0.800963    0.930656     1.00366    1.07612    1.21484   0.00231549
v_subj.5036     1.51211    0.141053     1.24584     1.41743     1.50768    1.59386    1.81858   0.00534626
v_subj.5037      1.3256    0.115097     1.10759     1.24441     1.32187    1.40199    1.56291   0.00316171
v_subj.5038    0.974246    0.104722    0.767723    0.907274    0.972152    1.04294    1.18361   0.00213143
v_subj.5039     1.14554    0.113122    0.929097     1.06611     1.14811    1.22307    1.37363   0.00244092
v_subj.5040      1.3469    0.115848     1.12424     1.27147     1.34513    1.42463    1.57059   0.00263163
v_subj.5041    0.779491    0.107379    0.572383    0.708459     0.77895    0.85114    0.99165   0.00214524
v_subj.5042    0.465561    0.125201    0.219518    0.381469    0.466213   0.549955   0.712965   0.00276147
v_subj.5043    0.752844   0.0982567    0.563436    0.686715    0.752487   0.820742   0.944137   0.00220683
v_subj.5044    0.568153     0.10359    0.371168    0.496222    0.568308    0.63786   0.773208   0.00217301
v_subj.5045    0.504098    0.104255     0.29682     0.43274    0.504556   0.572086   0.711572   0.00205942
v_subj.5046    0.604792   0.0930303    0.424075    0.542463    0.604875   0.666355   0.789838   0.00221721
v_subj.5047     1.79223    0.145801     1.51056     1.69281      1.7938    1.88877      2.071   0.00316667
v_subj.5048     1.45533    0.123456     1.21016     1.37158     1.45384    1.54106    1.69867   0.00337072
v_subj.5049     1.29661    0.110038     1.08101     1.22384     1.29574     1.3708    1.51783   0.00259361
v_subj.5050    0.399967     0.09639    0.208554    0.333329     0.40243   0.467182   0.584547   0.00246913
v_subj.5051     1.17667    0.107938    0.973785     1.10098     1.17599    1.24831     1.3911    0.0027867
v_subj.5052    0.642339    0.100086    0.445452    0.573829     0.64359   0.707409   0.839799   0.00206195
v_subj.5053     1.09447    0.109896    0.883405     1.02059     1.09203    1.16653    1.31749   0.00247946
v_subj.5054      1.7208    0.140274     1.45324     1.62617     1.71498    1.81252    2.00783   0.00443937
v_subj.5055     1.45851     0.11937     1.23221     1.37668     1.45696    1.53782    1.69967   0.00347371
v_subj.5056     1.06203   0.0985225    0.872786    0.996168     1.06136    1.12795     1.2582   0.00239857
v_subj.5057     1.69755    0.132208     1.43795     1.60828      1.6954    1.78869    1.95123   0.00440175
v_subj.5058     1.15499    0.118933    0.921564     1.07462      1.1553    1.23364    1.38279   0.00298204
v_subj.5059     1.26202    0.116656     1.03488     1.18152     1.26148     1.3378    1.49446   0.00255204
v_subj.5060     1.77924    0.142248     1.50685     1.68159     1.77647    1.87556    2.07359   0.00430507
v_subj.5061    0.664975   0.0911403    0.482591    0.604453    0.665325   0.724541   0.842744    0.0021703
v_subj.5062     1.30649    0.129153     1.06235     1.21824     1.30578    1.38874    1.56721   0.00294868
v_subj.5063     1.09844    0.106076    0.889546     1.02856     1.09597     1.1666     1.3086   0.00269397
v_subj.5064     1.43207    0.114015     1.20362     1.35647     1.43097    1.50351    1.66206    0.0031382
v_subj.5065      1.3629    0.117797     1.12287     1.28444     1.36037    1.44267    1.59254   0.00291325
v_subj.5066     1.20102    0.112793    0.986453     1.12262         1.2      1.277    1.42164   0.00279166
v_subj.5067     1.69611    0.144558     1.42301     1.59978     1.69154     1.7905    1.99326   0.00594686
v_subj.5068     1.66498    0.151827     1.37445     1.55927     1.66361    1.76598    1.97104   0.00350884
v_subj.5069     1.04617    0.107005    0.840451     0.96965     1.04685     1.1152    1.26141   0.00263431
v_subj.5070    -0.84107    0.107602    -1.05292    -0.91159   -0.840897  -0.766488  -0.633541   0.00233943
v_subj.5071     1.03975    0.111152    0.818433    0.964665       1.039    1.11502    1.25561   0.00262143
v_subj.5072    0.734184     0.14685    0.456097    0.628499    0.732797   0.833942    1.01757   0.00307116
v_subj.5073     1.48484     0.12499     1.23537     1.39939     1.48458    1.57148    1.71751   0.00321022
v_subj.5074     1.07407    0.114458     0.85053     1.00003     1.07296     1.1532    1.29166   0.00258339
v_subj.5075     1.67209    0.128798     1.43336      1.5844     1.67147    1.75562    1.93903    0.0047753
v_subj.5076     1.75716    0.138085     1.48347     1.65996      1.7563    1.85198    2.02169   0.00375729
v_subj.5077     1.33899    0.120916     1.11206      1.2568     1.33409    1.42186    1.57506   0.00316455
v_subj.5078     1.49811     0.12081     1.26716     1.41293     1.49904    1.57911    1.74449   0.00304623
v_subj.5079     1.69181    0.135938     1.43428     1.59903      1.6901    1.78285    1.95263   0.00428402
v_subj.5080     1.52519    0.137788     1.26253     1.43234     1.51853     1.6184    1.80718   0.00476799
v_subj.5081     1.66663    0.132044     1.39818     1.57999     1.66611    1.75512    1.93142    0.0033685
v_subj.5082    0.321722   0.0958004    0.130941    0.260104     0.32283   0.384253   0.511031   0.00197452
v_subj.5083      1.2163    0.112008      1.0003     1.13947     1.21565    1.29296    1.43677   0.00308423
v_subj.5084     2.06061    0.158519     1.74744     1.95294     2.06332    2.16596       2.38   0.00687452
v_subj.5085    0.969508    0.115864    0.745863    0.887754     0.96943    1.04979    1.19702   0.00251826
v_subj.5086    0.695779    0.138416    0.418727    0.605712    0.697223   0.791472   0.965248   0.00308958
v_subj.5087     2.08898    0.164976     1.78167     1.97559     2.08439    2.20371    2.41321   0.00529055
v_subj.5088     1.78268     0.15406      1.4979     1.67678     1.77721    1.87931    2.10277   0.00586293
v_subj.5089     1.13539    0.113686    0.908989     1.05793     1.13456    1.21223    1.36025    0.0023939
t              0.287833   0.0145297    0.260665    0.278059    0.287597   0.297489    0.31819  0.000439262
t_std          0.139828   0.0141439    0.115123    0.129977    0.138624   0.148329   0.170945  0.000477897
t_subj.5000    0.139796   0.0119134    0.112261    0.132582    0.140874   0.148187   0.159868  0.000313228
t_subj.5001  0.00891256  0.00444702  0.00225485  0.00563374  0.00817937  0.0115513  0.0195707  0.000120845
t_subj.5002    0.255815   0.0194674    0.215757    0.243475    0.256791   0.269355   0.291291  0.000783415
t_subj.5003    0.387332   0.0194244    0.345701    0.375295    0.388062   0.400519   0.424289  0.000823705
t_subj.5004    0.253131   0.0170914    0.217075    0.242351    0.254506   0.265816   0.282131  0.000803069
t_subj.5005    0.325777   0.0243413    0.275406    0.310114    0.326586   0.341368   0.374137  0.000785605
t_subj.5006    0.297887   0.0168083    0.262245    0.287211    0.298815    0.30935    0.32878  0.000738444
t_subj.5007    0.306288       0.011    0.281345     0.29931    0.307433   0.313969   0.325749  0.000360805
t_subj.5008     0.26549   0.0201977    0.219514    0.253522    0.266739   0.279572   0.300514   0.00086988
t_subj.5009    0.230841   0.0165248      0.1937    0.221127    0.232764   0.242311   0.259032  0.000786947
t_subj.5010    0.262509   0.0176866    0.214843    0.253869    0.263752   0.273365   0.294925  0.000659209
t_subj.5011    0.322373   0.0151243     0.28993    0.313353    0.323478   0.333051   0.347571  0.000578612
t_subj.5012    0.387362   0.0150941    0.350676    0.380191    0.389669   0.397459   0.410925  0.000499507
t_subj.5013    0.154331   0.0255254    0.105586    0.135745     0.15361   0.172632   0.204518  0.000651278
t_subj.5014     0.29855   0.0167983    0.262159    0.288442    0.299552   0.309716   0.328952  0.000447484
t_subj.5015    0.286521   0.0184151    0.246331    0.274824    0.288378   0.298945   0.319576  0.000686238
t_subj.5016     0.26388   0.0242378    0.228794    0.248089    0.259348   0.273743   0.330118  0.000900153
t_subj.5017    0.459203   0.0175324    0.421649    0.448023    0.459908    0.47174   0.489838  0.000581756
t_subj.5018    0.278833   0.0217849    0.236917    0.264314    0.277762   0.292453   0.322236  0.000692573
t_subj.5019    0.202275   0.0351156    0.124998    0.181072    0.206089   0.227401   0.260885   0.00181223
t_subj.5020    0.261311   0.0225133    0.211121    0.246392    0.263625   0.277714   0.300323    0.0012655
t_subj.5021    0.272241   0.0293859      0.2177    0.249521    0.272235   0.297408   0.320854   0.00116665
t_subj.5022    0.334383   0.0432396    0.263633     0.30146    0.323745   0.377743   0.407781   0.00207938
t_subj.5023  0.00917565  0.00340738  0.00289051  0.00681372  0.00902183  0.0114204  0.0162311  8.55588e-05
t_subj.5024    0.293578   0.0103961    0.270539    0.287136    0.294383     0.3008   0.312439   0.00030595
t_subj.5025     0.25512    0.022839    0.215099    0.240377    0.253199   0.266535    0.31121  0.000705152
t_subj.5026    0.299034   0.0185144     0.25268    0.289695    0.302412   0.311771   0.327375  0.000862219
t_subj.5027    0.396784  0.00366639    0.388517    0.394566    0.397139   0.399411   0.402915  0.000119868
t_subj.5028    0.375713    0.020862    0.328693     0.36195    0.379603   0.391251   0.407313  0.000644633
t_subj.5029     0.53025   0.0236624    0.485387    0.514874     0.52905   0.543704   0.585169  0.000861783
t_subj.5030    0.318276   0.0294039    0.252155    0.297862    0.322998   0.339853   0.364198   0.00115988
t_subj.5031    0.261117   0.0249889    0.205293    0.245715    0.264126   0.278297   0.303011   0.00111828
t_subj.5032    0.336007  0.00526155    0.324803    0.332802    0.336232   0.339378   0.346154  0.000169076
t_subj.5033    0.306625   0.0226819    0.256655    0.292342    0.310474   0.322655    0.34252  0.000984864
t_subj.5034    0.172408    0.011834    0.146987    0.165219    0.172851   0.180021   0.194936  0.000359451
t_subj.5035    0.332193   0.0166928     0.29868    0.321979    0.332683   0.343188   0.365747  0.000489807
t_subj.5036    0.384071   0.0217927    0.335997    0.370959    0.386433   0.399393   0.420566  0.000947164
t_subj.5037    0.260545   0.0195492    0.218343    0.248354    0.261549   0.273363   0.297242  0.000645176
t_subj.5038     0.33323   0.0167401    0.296713    0.323195    0.334309   0.344588   0.363411  0.000557108
t_subj.5039    0.231031   0.0143524    0.202779    0.221842    0.231114    0.23937   0.263165  0.000402741
t_subj.5040    0.370243   0.0160416    0.337656    0.360423    0.370304   0.380265   0.401238  0.000484506
t_subj.5041    0.134117   0.0129841    0.106948    0.125692    0.135164   0.143165   0.157831  0.000347635
t_subj.5042    0.300442   0.0077763    0.284058    0.295417    0.301036    0.30588   0.314321  0.000215701
t_subj.5043    0.378892   0.0157822    0.344222    0.368834    0.379523     0.3902   0.406595  0.000445584
t_subj.5044     0.19628   0.0105314    0.174058    0.189526    0.196962   0.203537   0.215282  0.000269311
t_subj.5045    0.167231   0.0189782    0.127329    0.153301    0.170975   0.181555    0.19627  0.000743993
t_subj.5046    0.270046   0.0175032     0.23473    0.258927     0.27039   0.281397     0.3043  0.000501455
t_subj.5047    0.421191   0.0110433    0.399033     0.41354    0.420807   0.429863   0.440718  0.000397915
t_subj.5048    0.270165   0.0139207    0.240089    0.261119    0.271375   0.279944   0.293997  0.000458005
t_subj.5049    0.212305   0.0221944    0.171646    0.197442    0.210381   0.225465   0.261992  0.000685493
t_subj.5050    0.239283   0.0916666    0.118292    0.146921    0.291364   0.326906   0.356843   0.00850458
t_subj.5051    0.355183    0.022997    0.301713    0.342346    0.356313   0.370379   0.398306  0.000783356
t_subj.5052     0.33461    0.014703    0.302546    0.325544    0.335716   0.344598   0.360548  0.000403977
t_subj.5053    0.276929   0.0194859    0.239762    0.264265    0.276122   0.288627   0.317891  0.000542293
t_subj.5054    0.235827   0.0205219    0.194833    0.224866    0.235624   0.245141   0.293958  0.000913462
t_subj.5055    0.359542   0.0184059    0.316338    0.349575    0.361678   0.372508   0.388884  0.000683785
t_subj.5056    0.289161     0.01991    0.244954    0.277159    0.290978   0.303817   0.322775  0.000595951
t_subj.5057    0.276854   0.0161183    0.241975    0.266642    0.278111   0.288386   0.304609  0.000690139
t_subj.5058    0.287429   0.0156226    0.251862    0.277746    0.289225   0.298475   0.312693  0.000564018
t_subj.5059    0.342044   0.0202424    0.302947    0.327473    0.341297   0.358163   0.378791  0.000614399
t_subj.5060    0.280349   0.0128731    0.252798    0.272499    0.281312   0.289432   0.302644  0.000496083
t_subj.5061    0.162014    0.029475    0.115326    0.142216    0.158408   0.176099    0.23294  0.000775372
t_subj.5062    0.296558   0.0111886    0.273042    0.289201    0.296811   0.304661   0.316319  0.000311428
t_subj.5063    0.353733   0.0143699    0.322951    0.345074     0.35463   0.363671   0.379556  0.000463471
t_subj.5064    0.323867   0.0185629     0.28427    0.311695    0.325772   0.337046   0.356157  0.000637926
t_subj.5065    0.323964    0.022961    0.281953    0.306377    0.323694   0.340378   0.368108  0.000853949
t_subj.5066    0.284839    0.015434    0.251606    0.274957    0.285863   0.295638   0.312226  0.000503801
t_subj.5067    0.300914   0.0249296    0.246404    0.286864    0.303065   0.317564    0.34328     0.001184
t_subj.5068     0.37993   0.0121666    0.348681    0.374417    0.381644   0.387577   0.400657  0.000418962
t_subj.5069    0.252369   0.0197333    0.213137    0.238843    0.253195   0.266687   0.288683  0.000544603
t_subj.5070    0.017486  0.00858701  0.00535784   0.0115603   0.0163176  0.0219296  0.0374908  0.000225944
t_subj.5071    0.439913     0.01285    0.411166    0.432234    0.440771   0.448872   0.461973  0.000404133
t_subj.5072    0.385098  0.00951348    0.371279    0.379937     0.38391   0.387804   0.417809   0.00043608
t_subj.5073     0.26644    0.015658    0.234972     0.25627    0.266277   0.276054   0.299202  0.000532697
t_subj.5074    0.427541   0.0145518    0.389355    0.420627    0.429443   0.437339   0.450248   0.00049118
t_subj.5075    0.363508   0.0228924    0.315585    0.349026    0.364588   0.378914   0.405923    0.0010368
t_subj.5076    0.233017   0.0159027    0.198777    0.222923    0.233703    0.24375   0.261172  0.000616997
t_subj.5077    0.392999   0.0172272     0.35958    0.381645    0.392377   0.404314   0.426294  0.000564367
t_subj.5078    0.221161   0.0156706    0.189021    0.210449    0.222261   0.232213   0.249479  0.000531543
t_subj.5079     0.25257    0.015963    0.218039    0.242449    0.254275   0.263512   0.280953  0.000605473
t_subj.5080    0.333846   0.0195966    0.294688    0.321621    0.333741    0.34655   0.372785  0.000742068
t_subj.5081    0.280569    0.015425    0.247523     0.27083    0.281286   0.290947   0.308355  0.000497634
t_subj.5082    0.119854   0.0221005   0.0686912    0.107489    0.125417   0.135978   0.150103   0.00076196
t_subj.5083    0.314874   0.0159825    0.281897    0.304478    0.315895   0.325353   0.346189  0.000444588
t_subj.5084    0.315756    0.029516    0.242659    0.300494    0.320821   0.336834   0.360307   0.00184324
t_subj.5085    0.228102   0.0159502    0.196865    0.215939    0.229827   0.240484   0.253898  0.000447794
t_subj.5086     0.18557  0.00973751    0.166946    0.178472    0.185948   0.192857   0.203012  0.000265927
t_subj.5087    0.350765   0.0108071    0.327513    0.343954    0.351567   0.358386   0.370293  0.000457474
t_subj.5088    0.260482   0.0156864    0.226931    0.250336    0.261835    0.27178   0.287647  0.000650616
t_subj.5089    0.255627   0.0131829    0.227034    0.247617    0.256593    0.26509    0.27847  0.000396552
DIC: 19705.489986
deviance: 19463.881332
pD: 241.608654
